23.070001	22.91
22.82000031	23.03000031
22.91000426	23.1200043
23.1900064	22.50000521
22.45000274	21.90000367
21.90000277	21.54000274
21.48000962	22.33001104
22.06999801	22.41999999
22.48001211	21.46001256
21.35000804	21.13000795
21.21000634	20.4100061
20.56000491	20.42000488
20.10000766	20.38000979
20.34000704	20.28000702
20.50000533	21.1500055
21.23000415	20.68000304
20.88999911	20.71999813
20.78000485	20.91000488
21.04001058	21.71001195
21.60000175	21.54000274
21.54000529	21.03000519
20.94000545	21.1500055
20.90001128	20.85001225
20.78000369	21.05000274
21.1700012	20.45000119
20.45000982	20.38000979
20.24999822	21.20999814
21.32000747	20.89000734
21.49000691	20.17000549
20.19001166	20.12001162
20.08001313	19.88001101
19.90000636	20.04000641
20.1900031	19.70000303
19.65000066	19.84999965
19.92000559	19.81000456
19.7200069	20.4100061
20.35000568	20.7800058
20.91000544	21.1500055
21.18000556	21.28000458
21.35000856	21.37000857
21.55000364	21.28000458
21.42000058	22.1700006
22.2500105	22.09001042
22.100009	22.5900092
22.84000383	23.36000492
23.23000202	23.00000399
23.25000354	23.73000461
24.7000019	24.12000186
24.40000613	24.20000707
22.91000638	22.85000736
22.89000935	22.72000828
22.67000704	22.73000706
22.70000777	22.61000675
22.56000037	22.17999938
22.42001281	22.56001288
22.46000367	23.01000276
23.04000942	23.07001044
22.8400028	22.52000276
22.62999916	22.67999816
22.65001093	22.56001288
22.46001234	22.32001227
22.3000046	22.26000459
22.00000215	21.79000213
21.81999902	22.41999999
22.45000841	22.71000951
22.61999938	22.66999938
22.62000634	22.98000644
23.09000876	23.80001106
23.6100036	23.73000461
23.8500031	23.00000399
23.10000039	23.15999939
23.18000215	23.26000215
23.33000923	22.47000889
22.50000146	22.40000245
22.34001327	22.19001318
22.14000727	22.36000736
22.28001099	22.81001227
22.87999909	23.03999908
22.96001091	23.92001137
24.09999709	24.01999909
24.00001092	23.81000983
23.60001021	23.92001137
23.93000908	25.16000954
24.95001036	26.7400111
26.620013	26.0000117
25.90001245	27.10001202
27.04000194	27.68000098
27.27000491	27.15000589
27.31999967	27.56000068
27.03000062	26.45000158
26.55000383	25.82000372
25.96000339	26.19000342
25.94000717	25.67000709
25.55999881	25.85999881
25.36999982	25.85999881
25.88000882	25.29000862
25.27001181	25.50001292
26.14001188	26.87001018
27.00000434	27.04000435
27.37000377	27.91000283
27.74000259	27.9200016
27.92000449	27.04000435
26.89001071	27.1100108
27.75000711	27.50000804
27.48001131	28.32001265
27.71001359	27.83001265
27.61000131	27.31000129
27.88000643	27.53000436
27.50000089	28.04000191
27.98000189	26.93000282
26.74000736	26.64000833
28.82001146	29.30001267
29.15001235	29.18001236
28.12000691	28.35000897
28.21001105	27.73000988
27.60000884	27.73000988
27.56000372	27.78000375
27.70001357	27.70001357
27.58000848	27.13000834
27.23999959	26.94000159
26.8200016	26.45000158
26.45000733	26.77000742
26.71001098	25.78000863
26.0000031	26.07000311
25.9700085	26.14000956
26.200007	26.65000711
26.40000165	26.58000066
26.55000463	26.67000465
26.27000641	26.28000741
26.40000692	27.14000711
26.79000249	27.30000251
27.09999997	27.19000098
27.25000191	27.0600019
26.70000735	26.64000833
26.97000189	27.0600019
27.3999991	26.46999913
26.62999875	26.70999974
26.90001071	27.1100108
27.29001262	27.34001264
27.50000252	28.41000161
28.33000336	28.51000437
28.46000099	28.17000099
28.0800115	28.06001449
27.79001336	28.06001449
28.03001379	28.9200142
28.72000388	28.40000284
28.5599993	28.78000131
29.04000898	29.81001022
29.99000304	30.35000409
30.09000843	30.20000746
30.20000229	30.74000133
30.65000532	30.12000224
30.54000744	30.69000747
30.66001363	32.74001149
32.56000387	32.81000289
32.66000661	32.91000566
33.12000273	32.33000166
32.30001046	33.00000965
33.00001466	33.70001395
33.51000364	33.18000259
33.07001269	33.70001395
34.18001478	32.4900121
32.07001072	32.50001087
32.56000696	32.54000596
32.10000332	32.30000534
30.48000462	31.08000471
31.27000568	30.95000563
30.85001142	30.39001422
30.12999979	30.13999979
30.2700124	30.03001329
30.02000333	29.14000223
29.25000546	29.22000745
28.86000915	29.58000837
32.66000417	32.9300032
32.80000365	32.20000258
32.01001679	31.97001577
31.95000355	32.20000258
32.42001599	31.62001362
31.25000618	31.68000625
31.53000946	30.70000624
30.85000954	31.26001269
31.80000336	32.43000442
32.31000703	32.27000902
32.47000867	32.64000872
32.65000145	32.34000043
31.18000442	31.58000349
31.45000906	31.29000901
31.19000764	31.79000779
31.81001092	31.39001177
30.90001339	29.7800139
29.85001006	30.30001023
30.39001147	31.52001086
31.10001534	31.0100133
30.44999964	30.37000163
30.60000108	30.8400041
31.00001054	30.78001146
30.5800004	30.87000041
30.5100009	31.73999889
31.51000617	30.71000501
30.71000698	30.800009
30.86000368	31.08000471
31.26000412	31.95000319
31.87000235	33.05000351
33.04000127	34.66000138
34.68001047	34.35000936
34.00000749	34.12000751
34.0700081	34.49000721
34.30000527	35.86000447
35.50001691	35.66001398
35.01000756	35.23000661
35.3999997	35.76000171
35.70000241	36.35000448
36.10000818	35.70000907
35.66000122	35.87000324
35.8800076	35.59000753
35.24000274	35.49000477
35.36001133	35.20001029
35.20000437	36.35000448
36.55001255	37.14001277
36.88000387	37.71000296
37.75001217	38.01001125
38.10000998	36.9200097
37.04001277	37.27001185
37.45000944	37.2900094
36.95000988	37.53001002
37.46000844	38.04000757
37.93000314	38.6800042
39.00001272	38.75001065
39.12000548	38.67000543
39.18000479	38.79000574
38.56001053	39.37000973
39.50000508	40.64000423
40.54001036	39.62000912
39.56000472	39.06000267
38.80001633	38.59001525
38.500008	38.29000696
38.870007	39.7500082
43.1900124	44.98001288
44.88000808	45.5000092
44.70001461	47.75001874
48.10001233	47.42001414
47.18000794	47.470008
47.48001035	47.94001046
47.54001541	47.41001536
47.20001212	47.55001322
47.45000771	47.97000678
48.51000527	50.3000065
49.98001348	52.19001512
51.84002022	52.40001942
52.5000143	52.45001328
52.40002034	53.50001974
54.37000598	55.31000811
55.03000848	54.4500084
54.86002042	54.72002037
54.27001696	54.38001699
54.23001343	54.05001238
53.95001546	54.75001669
54.95000728	55.30000933
55.01001672	55.50001486
55.20001568	55.2400167
55.16001044	54.94000841
55.19001238	54.90001332
54.30001504	55.39001332
55.49000731	55.17001025
61.80001574	61.35001862
62.30001063	61.2700134
61.69001727	64.05001804
65.350015	64.55001682
68.95002572	68.44002056
68.79001102	67.05001072
67.79002515	67.79002515
66.1300122	65.210011
64.53002443	62.68002078
64.25002078	65.78001622
65.93001368	62.89001005
63.08000927	63.28000729
62.81000923	63.99001037
65.03001633	65.15001836
65.62002097	64.91001775
65.40001925	65.29001622
65.24001989	65.2600199
66.15001771	66.60002084
66.84001018	64.99000793
65.47001957	62.72001588
63.56001409	63.69001712
63.66001473	63.75000975
63.75001687	64.01002295
64.80001124	63.16000698
63.30001689	64.18001712
63.81001414	64.44001529
64.81001621	64.80001621
64.89002436	64.40002019
64.7800226	63.2900211
63.79001347	63.94001651
64.46002194	64.50002296
64.67001285	64.55001682
65.00002096	69.2500264
69.83001706	68.96001688
68.25001437	64.56001559
65.45002542	65.46002542
73.71001599	69.80001904
70.25001607	70.20001506
69.85002077	70.65001997
70.49001033	69.88000922
69.65001503	70.46001322
71.31001467	70.49000954
70.98002658	70.76002151
71.37001142	72.05001355
72.66002219	72.25001907
72.16001921	72.64001632
72.6200189	73.98001725
74.58001909	76.90001975
77.05001949	77.53001761
77.95001716	79.63001549
79.10001555	77.81001332
77.87001998	78.84002223
78.93000895	78.94000996
79.0700235	80.90002502
81.04001903	78.74001947
78.7200221	78.36002099
79.86001281	81.21001704
82.73001493	84.63001832
86.66002013	88.41002052
88.15002149	90.13001993
90.65001859	87.81001897
87.74002267	86.81002141
86.30002382	85.29002753
86.72001727	88.23001254
88.48001975	88.93001684
89.62002568	88.99002451
89.36002903	89.72002514
89.98001954	89.00002329
88.50001735	88.24001131
88.74001671	83.58001186
85.52002108	85.6200171
85.60002081	85.50001679
83.80002311	81.06002042
79.28002457	78.70002437
79.06002664	79.66002684
80.42002206	80.54002409
81.04002297	80.64002686
81.28001796	81.92002012
82.42002228	82.36002626
83.06001887	84.50001924
86.66001246	85.92001036
86.58002394	87.40002418
87.42001249	85.66001219
84.90002272	85.10002078
85.82001817	85.00001802
85.50001272	85.06001065
85.12001806	83.50002168
84.14001929	85.60001956
84.90001349	83.34001124
84.18001886	81.78002227
81.98002024	82.18001828
82.44001314	83.78001739
84.80001066	84.66001464
84.660017	87.12001344
87.40001235	87.48001437
88.30002018	83.84002506
84.98002974	85.32002385
85.90001015	82.08001552
77.62002308	74.52002616
73.24001226	70.70001383
70.00002038	71.24002274
73.20002051	74.18002278
75.32001862	71.02001967
72.80001339	74.36001572
73.68001888	71.00002212
72.98002342	73.96001971
73.56001842	72.38001815
71.78002088	71.90001692
72.58001261	71.08001231
72.30001804	72.12001999
72.42002326	72.86001939
72.8000093	72.42001324
72.22002239	74.30002309
74.50002451	73.36001817
73.7800139	74.48001603
74.56000922	73.94000713
73.50002406	72.84002184
70.40002493	71.2200252
70.84001305	68.26001257
68.40001457	69.54002088
69.12001152	71.10000985
70.28002228	70.72002642
70.90001568	71.68001385
71.5600126	75.10001512
74.50001303	75.10001512
75.70001119	79.52001395
78.90000757	79.40001364
79.0000259	79.56002408
79.88002648	81.48002901
81.28001108	81.12001305
81.32001431	79.52001395
79.78001058	80.60001673
80.10002041	80.0800204
76.32002214	76.48002619
76.66001267	75.84001452
75.2000077	73.08000742
73.26001926	73.8400194
74.00001633	75.30002065
74.80002824	71.62002121
71.78001215	71.80001416
71.84002164	72.00001968
73.74001286	74.26001296
74.38001256	75.96001483
76.94000905	76.620009
75.70001153	75.22001543
75.44001415	75.72001421
76.5200251	77.10002527
77.66002097	77.780017
78.18002455	75.52002372
73.6800162	74.20002033
74.98001596	74.62001389
74.46001948	72.74001908
73.22001425	73.62001633
73.66001138	73.00001724
73.10001034	75.96001483
75.42002051	74.78002432
73.620027	75.26002556
75.74001952	76.50002373
76.74001354	76.20001544
76.46002418	76.48002619
76.5800122	76.70001422
81.58002258	81.50002656
81.9400253	83.10002566
82.82001429	82.98001032
83.04002403	86.38002908
85.7200239	87.26002633
87.40001978	86.58001957
86.88002737	88.00002573
87.98002336	87.62002726
88.02002254	87.26002633
87.66001109	87.98001315
87.70002574	87.60002971
87.12002078	85.3000263
85.14001672	85.50001679
85.78002689	86.38002908
86.3800217	86.44002172
85.78002672	85.42002661
84.9800218	85.98001803
86.00002249	85.3000263
85.86002238	87.6400248
88.00002189	86.76002755
86.78002334	88.00002573
86.92002026	92.20002149
92.96002198	95.3600246
94.78003051	92.50002978
92.80001909	94.30001937
93.82002692	92.60003254
92.56002787	91.66002762
92.30002593	91.7400178
91.70002369	91.48001964
91.20002521	91.54002731
92.24002029	92.12001627
92.24002382	91.48001964
90.54002487	91.68002516
91.98002611	93.14002641
93.72002903	93.78002304
94.00002773	92.52002732
92.60002614	92.4400221
93.40002337	97.60002033
98.10002388	97.36001972
98.7000202	99.56002036
100.1400242	102.6200207
102.2000265	102.8000287
102.0400168	101.6400207
102.1200309	99.22003201
100.0000284	99.74002834
100.4600297	102.4200302
102.1000243	105.280025
105.9800293	106.3800254
105.9200201	104.2200198
103.7600242	103.8000262
104.2000264	106.4000229
108.0600333	107.6800312
107.8400203	106.8800241
106.1400312	102.1600321
102.460025	104.6800235
104.6600268	107.2200275
108.3200341	108.8800343
109.9000238	107.5000232
108.6600174	105.5600207
106.4000178	103.4000152
103.4400234	102.6000232
103.5200246	100.7400259
102.460031	103.1800272
97.30001492	98.50001513
98.88002731	107.4800257
108.060024	108.000022
107.9600224	106.8800241
106.5000258	104.4200253
104.1400321	109.8800319
108.9400271	112.280038
113.680021	111.3200205
110.5000319	113.5800288
112.800033	112.2000328
112.5600208	114.060015
113.9800284	110.8200217
112.0800338	108.9400269
110.400017	115.1800279
114.4800368	115.000035
115.440023	119.90002
120.5200279	123.7000348
120.7000278	122.3000262
121.7000288	120.4600265
119.9000223	119.8000323
120.0000198	120.2200259
121.2800206	122.3600188
123.0800357	123.0800357
123.0800318	122.9000277
123.2000272	124.5600195
126.3000229	129.9000257
131.1800377	129.040041
130.6200255	129.1200312
129.6400312	129.9200232
129.6800345	133.0400312
133.7600387	134.2200368
135.3200339	138.6800307
141.4400358	139.3200273
139.9800291	136.2000344
136.8600282	135.6400279
137.9000458	143.2000473
144.5400329	145.2600351
143.9000305	143.6400384
147.8600403	148.1000324
148.460027	147.9000268
146.4000396	148.16004
148.4200467	148.6600388
149.7400298	149.8200318
149.7000256	149.9600296
145.0600352	144.0200369
145.3600365	144.3600403
144.2800388	142.2200323
142.220028	142.7600262
143.2600322	144.2200424
145.2000296	147.000032
147.8200477	148.0400397
148.3400372	146.7000388
148.0000352	148.4600333
148.9400454	147.1400449
147.5600403	142.900039
141.8200319	143.7800363
144.7600378	149.500041
150.2600261	149.9400321
149.6600358	148.7600416
150.5000418	152.6000364
153.460042	152.1000376
152.5000445	161.7200448
167.6800454	167.8000354
169.9400493	168.5800449
169.9800413	171.1800416
171.4000395	169.4200471
166.1600359	164.9800357
162.5000356	158.0800405
158.5600291	152.1800278
152.2000391	155.340046
157.5200301	152.0800251
154.7800401	148.4000407
149.0600286	144.6600335
145.9000344	144.060032
142.3400358	150.0000398
151.0000349	151.0200349
149.9000327	150.8400269
150.200035	144.2000299
144.4800383	143.7000461
144.040042	134.6000352
136.540026	135.2000218
136.9800253	137.6200255
138.2000296	129.9000257
130.3600397	134.6200328
133.2600332	129.4200244
130.2000299	135.280027
134.3200293	138.4400301
139.8200252	141.1400295
140.6000381	140.5800381
141.1800372	138.1600344
138.0000248	142.6400258
143.5800426	143.5000406
144.2800409	142.9200366
143.980024	141.9800317
143.1600382	136.9800288
137.6800313	138.2000295
137.9800223	139.2200246
138.8000363	135.4400374
135.3800402	130.9600309
131.5200394	132.6200377
132.5800341	131.3200318
131.9600365	127.8600355
128.10002	126.3800216
130.1000247	131.3600269
131.5400376	134.6400303
135.4200299	132.4600272
133.7000295	128.6200324
129.5000257	129.3200217
130.4400243	127.9800358
123.6200296	123.6200296
124.3200301	123.3400339
123.6400253	120.3200286
120.5000177	119.9200176
120.7000211	119.0200228
119.2600412	117.4200387
118.2600209	124.6600222
125.6400284	125.5000244
126.50003	125.4400318
127.3400405	125.3000339
124.2000237	122.3400213
129.420033	134.4200423
136.6000274	142.4800304
141.8600391	139.5800405
140.5800397	137.3400448
137.9800237	135.9800313
136.0200364	133.4200297
132.6800364	132.9400285
133.0200287	129.62003
130.0800292	132.4400297
133.6400349	131.3000343
139.0200363	135.2600294
136.3800243	134.0800239
133.7000364	131.5000398
131.9200308	132.3400269
133.3000195	136.3000221
135.4600291	138.7200258
138.760037	140.7800436
141.5400275	139.200027
140.3000267	143.2400274
143.6600464	142.28004
142.4400314	142.2600274
143.7200363	143.7800363
145.9800348	143.7800363
143.6400322	142.0600218
142.5800435	141.2000372
141.5800231	136.3000221
135.7000213	135.4000273
134.7400291	135.5800353
136.200043	129.9600333
129.4200265	130.5200248
131.3600333	126.3600241
126.5200239	129.0200284
127.7400314	126.7600351
129.720029	126.3000164
125.9800278	126.6800299
128.5200375	128.6600275
128.6200318	127.1000235
126.5800269	122.440024
123.5200313	119.5400341
119.7000303	124.3400314
125.980031	123.3200363
122.3000233	120.0000228
120.4400417	119.4400314
120.2000333	117.1200304
116.8800306	121.5200317
122.3600238	118.4800289
118.8000288	114.0000374
115.2200204	116.6600267
116.5600274	115.220023
114.6000355	118.7600246
117.9200341	115.1200353
115.6600358	114.4000334
115.2200214	114.9400273
115.4800308	115.7200368
116.4000249	119.1600357
119.4400247	117.6600243
118.3400242	117.9800301
118.1800188	114.8600221
114.5800289	112.0400224
113.5200258	117.940035
115.1800335	114.5400313
115.0400355	115.9000298
114.3000315	114.0000374
114.1800181	111.5400236
110.9600262	110.8000242
111.4000326	110.0000322
110.2200247	111.300023
110.3400225	105.9200217
104.0600264	104.5000306
105.0000243	101.3400274
103.4600288	104.7400312
106.3200195	105.8000214
105.920029	108.2000275
121.9200296	121.0000354
119.6400261	121.4400265
122.520026	122.8400201
123.5600241	123.8600302
124.0000281	127.7400352
129.0000287	126.8000302
127.8800371	131.180034
133.66004	135.9200386
134.4400367	134.3600346
135.3000384	136.3200347
135.8200326	139.1800295
134.1000258	136.6000304
135.4400386	134.4200423
134.1800366	129.5600373
130.8600335	127.1800287
126.5000327	128.1400312
126.4600228	127.300029
128.1000251	127.880033
130.6800348	132.9000334
134.2000333	135.9600337
136.0000304	135.1800242
135.4200398	135.8200359
134.6000308	133.1200365
133.3600274	135.2400319
136.0000372	134.6200328
135.7800354	135.6200454
134.6800266	137.5000252
137.0000262	133.9600236
133.9800222	132.960026
134.6800327	133.9200285
134.5600203	135.7000205
136.9600329	136.7600408
137.9400366	142.9600317
142.1600364	140.0600418
141.2000285	145.6000234
146.7400304	145.040032
144.8600319	145.0000219
145.6200312	145.2600351
145.70003	148.4000407
147.4400248	148.340033
149.2000314	148.2000351
147.6000375	147.7800416
148.2000411	147.5400409
148.7600357	150.5200361
150.5000357	149.3000354
148.600027	146.0000345
147.6200391	151.5000361
152.3600448	155.2200457
154.3400339	152.8200395
154.0400426	154.0200426
154.220041	153.9600349
150.2000391	149.720029
148.9000442	148.16004
148.2000302	150.7600367
149.0600362	149.6600364
148.8400318	148.4400357
147.6000419	149.2600404
149.0800254	147.6200311
146.8400343	146.4600382
147.2200413	150.5200361
151.2600371	150.0400348
150.3800357	150.8000318
150.080042	148.5800336
149.500045	149.0600348
158.5200358	157.9800377
157.9400361	159.9000426
159.9800471	162.9200479
162.4200514	162.1000433
162.7000369	163.360039
163.800034	164.3800341
163.5000436	160.820035
159.9800403	160.8400325
162.9000401	162.1600359
162.200036	158.3200411
157.8400361	157.9600402
158.7200407	156.5800441
157.9000331	159.4200414
160.9000385	161.0200405
160.0400374	164.9000304
165.8000453	166.6800375
167.1000527	166.2400464
166.4400466	168.7000452
169.600041	170.0000511
170.1000362	168.1000437
169.7400423	171.2200367
170.2800465	171.7000529
170.8000425	172.9400511
174.8400389	177.2000395
177.9800461	180.6200408
179.0600445	183.2600476
185.020053	179.0800493
180.7200329	183.6200335
186.0000384	183.6000359
184.4200384	183.3200402
183.6000427	182.6400485
183.7600468	182.2400525
183.3000499	182.5400457
181.2800347	179.6600383
180.0600379	174.0800465
174.4600383	176.5200327
177.8000419	177.5000478
177.220037	172.2800419
175.9000388	178.1000493
178.100047	177.1000367
178.0400517	175.440045
175.260048	170.940041
169.4600404	172.6200453
172.9400476	169.5200348
169.4000431	165.8000403
166.9200362	164.4000317
164.300041	163.0200507
156.3000405	163.0400482
160.4400381	161.7400424
167.9000447	169.6800452
172.5800401	167.6000449
168.1000446	171.3200394
171.5400452	170.1000388
171.9200372	170.940041
172.90004	185.1400424
189.5000406	194.0000376
191.8800405	191.6000464
189.1800484	189.2400504
191.3600444	194.2000431
195.120058	189.9000446
184.2000357	178.1400444
177.2600411	177.000049
178.2800338	173.5800327
171.4600467	171.4000446
173.3600378	173.4000398
174.2200303	172.5000299
174.2200337	170.760033
172.600033	171.8800308
172.8600519	171.1000514
169.7200369	171.4600373
172.4600425	169.4800397
168.2400489	169.5000373
168.6000428	167.8800406
168.9000343	168.3000342
168.9600307	172.3000394
170.8600388	172.3600471
171.7600407	166.5400397
168.8600412	169.7600354
170.3200438	169.4000495
169.2600482	170.6000526
170.8800427	170.4200446
170.5000388	169.6600327
169.30005	171.8000407
171.960041	178.4000426
181.6000483	179.0200417
178.3200345	178.1400444
179.6800412	177.0200466
172.6000464	167.8600431
166.0000328	169.2200415
168.0600364	174.1200416
173.5400493	170.8200406
171.7800486	172.6400428
175.6000457	176.3800499
176.1000472	175.440045
177.1800367	176.0000364
177.6000563	175.9400438
176.1400407	179.7400435
178.820036	176.8000435
177.2000429	180.0000417
179.9200462	179.140042
179.0800501	179.1800521
180.4800496	182.26005
182.7000452	182.9600393
183.9800462	187.740039
187.4600489	187.920047
186.7000387	187.0400347
187.9800414	191.7000342
191.4200529	190.9200547
189.7600521	186.4800433
188.3800477	187.5000534
188.5600447	185.8200341
188.2800422	187.3000479
188.2800456	189.0000498
189.8800384	188.5400461
188.2400374	189.3600357
190.4200527	187.3000479
187.3400507	188.500051
187.8000472	185.1800525
184.0800374	184.3800454
181.8000332	180.4800429
181.1400391	182.8600515
184.0000569	180.700046
180.3200506	180.8000488
180.3800466	180.5400506
181.7800401	181.9400442
183.1800423	187.0200372
187.9200497	186.4800433
188.460053	190.7000517
203.1600595	197.6800521
196.3600417	199.8400426
200.1800571	199.600057
199.1800538	198.9400478
199.3000412	200.7800475
201.4600452	200.800045
201.6000476	201.6200496
202.1600418	207.8400531
206.9400521	210.120059
209.8200523	213.7600633
213.2600493	214.6800557
215.4800504	217.4800428
219.2400541	218.720056
219.1400424	215.0400415
217.0600583	214.6800557
214.3000524	218.8800514
220.4600575	220.0400594
220.6200606	223.9600595
224.980043	227.0800374
228.0400712	225.7800466
225.6200623	221.3800453
224.0000531	227.2400478
228.9000551	228.7000491
228.6000526	237.5400468
240.1400556	242.3800542
242.2000538	236.8000624
237.2600735	242.6600649
242.8200622	245.3400668
244.6000456	247.2800542
249.9800704	248.140054
251.6400538	248.9800711
252.0000598	240.3800591
238.700052	240.7600726
242.3000547	235.0000728
234.4000608	237.5000517
241.2400492	241.0000431
246.5600713	250.1800742
249.3800589	247.3200644
247.7400722	243.1000711
243.4000446	247.8000656
247.7000734	246.000061
248.3800646	244.6800576
247.9600422	239.3000563
241.2200581	243.7800628
244.7200462	241.1200434
243.940067	244.0800711
242.1000439	242.520052
244.0000614	254.3400599
257.6000624	265.5000585
266.2600761	264.6000637
264.7600529	260.6600661
257.7600666	264.7000665
264.1400685	264.7800566
267.7000812	268.1400653
270.0600777	275.460069
276.7800655	276.2000534
276.6000628	277.8200651
276.3800676	276.2400635
280.6000563	280.0000682
283.300063	287.50008
286.620059	287.4000772
277.7600725	269.7800745
274.7000832	274.5200792
291.82008	292.000084
292.3800565	287.7000554
288.6600794	282.860078
285.9400724	263.5200609
267.2800669	270.0000776
273.3000637	272.9800577
270.5200667	263.7000689
265.8000602	270.5000613
269.8800662	270.0600702
273.5200711	268.0200499
262.2200602	252.7800559
246.2400594	250.0000663
256.6400563	255.580058
256.5800588	248.0600487
245.4800633	239.80004
234.0200479	234.1000479
244.0200641	244.1200662
247.9200407	244.4400419
244.4200434	255.1400519
262.4400656	265.0200723
266.1800627	262.1400498
261.0600577	270.6000641
266.7800615	264.5000609
261.9800506	253.6400706
259.7600547	268.1600628
265.3400786	272.5000564
278.9800749	276.9600804
279.8800616	288.3200695
289.9400618	273.5200816
271.1200734	270.0200751
264.0200686	263.5400585
273.980065	273.4200788
275.8000808	270.9800776
271.9800731	273.7000595
277.6600585	274.4000638
273.1400646	277.6200596
277.9800678	276.8200675
278.120074	281.8400529
286.0400717	281.5400747
280.3000702	280.6200522
282.2800646	288.300072
293.4600619	296.5600807
293.6800646	306.3600658
308.9400731	305.5400762
307.5400662	309.0000726
306.8800698	306.9400698
309.2600732	312.680072
313.1000844	316.9000653
315.560095	315.8400751
316.0000673	312.4800665
316.7400843	322.9000657
326.9800838	335.8200738
340.4000722	335.7200711
335.1000865	333.5800781
338.9800744	324.4600847
326.0200885	334.5000705
335.9600861	333.9600916
331.08007	339.1600699
345.3800867	345.5000887
343.0000871	347.0001001
348.4800792	340.8400893
340.7000845	348.7200845
377.1200931	372.32009
371.6200822	371.8600863
369.7400816	365.5600927
370.5800727	369.4000725
370.9000872	370.180097
372.3600949	374.0000793
375.2600758	379.9000769
377.2000921	374.8800916
378.4200999	375.7400913
370.5800857	372.3601001
374.100085	383.5800914
381.2200868	372.6001007
373.3400943	350.9400826
342.3000947	330.7400959
330.5600839	307.5200587
321.7000763	339.9200969
354.3200833	332.2200796
332.7800899	328.6000728
330.6000896	332.7800861
332.2000766	327.9000836
331.3400851	337.7000987
331.6800869	336.9200742
344.0000792	343.080085
347.1800746	345.0800801
350.4400975	349.6200792
353.6400938	360.4400895
358.8600726	368.5800829
374.6800912	364.4400948
363.720083	357.7200775
354.3000697	359.6200849
365.7800734	371.0000866
372.3800892	379.9000769
381.080078	388.6000917
387.1800815	388.4200838
389.500085	377.0800922
386.8800793	381.7200941
380.3800868	383.6600815
380.7401042	380.7801042
381.4400828	368.8000859
373.0400772	365.9600736
365.9600783	366.2400844
370.860085	374.4200879
380.2400816	387.8200972
390.0600991	397.6000848
398.0200951	397.9000931
397.9001034	397.1401112
401.180096	399.6600876
399.0000938	396.1600811
398.5400867	389.6800945
390.8200987	389.8601025
382.9000922	360.1000711
362.500082	355.2800763
360.280076	342.500066
342.6000781	358.8000803
355.160096	356.0400882
352.0000801	345.3800884
355.0400926	357.5600972
355.4400827	338.0800822
330.4600908	319.2800739
323.0200701	321.7800678
323.4200889	322.7200728
296.120062	311.2800634
272.3800717	278.1400709
279.9800709	271.2000807
277.9800705	260.0200544
256.3200496	260.0200544
262.3000516	263.0800698
262.7400637	264.360048
258.9000577	270.7200644
272.4800498	267.5000686
268.4200691	263.3000578
260.860045	258.7200486
261.6600743	244.0000659
239.9400503	242.4800569
244.1600729	250.9600687
256.0200699	258.9000566
261.400058	249.7200555
253.3600606	258.8000538
258.8000598	254.9200488
252.5400746	249.2600518
251.9800565	244.3600668
244.4000734	247.6400702
252.1000679	243.0800735
244.9600654	238.9200578
237.1800637	239.4800643
235.2800441	238.3000587
236.4600514	245.9200558
254.4000577	259.8200489
258.5800452	250.0400613
248.880059	243.4600419
243.9800669	249.2400543
247.1600567	248.9800711
249.2200569	241.8600729
240.8200727	244.5000496
243.9600606	239.3800615
248.2000601	254.7000758
254.0800464	252.060054
248.2000506	255.8800663
259.7600515	253.220062
245.1000567	253.4600626
258.3600746	265.6400563
266.2400622	259.3400627
262.2400621	266.5400812
268.0200614	279.0600783
279.9200587	281.9600532
281.7400792	290.1200591
289.9000844	280.500082
283.6000636	286.0200661
286.540056	287.0000661
292.6000572	299.0600746
297.5600707	294.9800641
294.1200769	303.2200753
304.3800759	306.1600903
312.2600613	311.7800772
307.1000804	305.6800741
306.6200637	302.8800568
302.2600776	309.1000753
305.4400654	294.2800748
293.5400626	295.5600831
298.8000807	296.7600862
303.4400775	307.4000885
308.3400869	308.980075
318.2400672	322.0800761
324.4200788	336.3200877
334.8000855	320.4000718
328.1000887	325.7800881
330.6800968	337.8800766
341.4000686	339.4600782
339.5000844	344.4800936
342.2200847	350.1000805
352.380092	347.9000949
349.9200761	360.0000683
360.3800869	361.8800932
363.8400828	369.4600801
369.3200746	373.3200875
372.100094	365.1800942
367.5400828	370.1200893
366.3200815	366.9000936
370.4200768	376.3200802
377.2200918	379.9200744
382.4600858	372.5200955
373.6200994	379.4601008
380.2200866	375.2400774
375.720097	367.2000868
363.6400767	371.8000786
371.340091	356.3800916
358.5200917	354.1000707
361.5400917	362.3400819
365.5001	372.8600839
374.820095	374.0200768
373.5200973	373.3800952
374.9001071	377.5000858
377.2000989	372.2000897
373.7201032	370.7400884
368.040102	370.3801025
372.6801027	378.8600842
376.0001005	371.2800973
369.5800817	363.2200942
361.0201008	371.2800973
368.6800836	361.62008
362.9800918	346.5200838
343.2800834	344.7400918
342.6000754	353.6800922
356.2000995	362.8600932
362.2400925	357.5000895
357.1000849	361.800088
358.7001037	350.5401017
349.480071	346.3200783
344.7400998	346.5000863
349.2200971	354.7800925
348.140094	336.5200932
333.0200874	340.180065
340.3800773	334.880084
328.4600671	349.3600961
350.4000879	336.3600828
339.1800744	340.2400727
346.3200707	350.3200836
350.8000697	359.1000735
360.4000904	348.5000814
349.8400847	353.2600836
350.9400848	345.1600853
358.4800905	347.760082
344.9600695	339.2800702
340.4000758	345.620089
348.2000888	343.6200638
337.0400701	330.3000747
333.8000828	332.5800806
298.0000875	324.0400761
329.9800683	332.5200729
328.6400625	318.0600583
320.8000828	324.2400817
324.6800869	308.800067
310.820089	314.1600858
315.5600842	319.7600752
315.0800822	317.9000929
319.8000863	313.3200686
313.2000902	306.4600685
310.8400837	321.2800841
319.9400769	328.3800848
325.4200742	327.1400866
327.7200823	339.1000773
340.1400687	347.1200703
347.0400995	353.4600891
355.9600812	358.6000898
356.6600814	358.6400999
358.0800831	351.4800915
351.1400803	350.7800722
349.0800872	347.0600927
349.5400746	351.6800971
348.9400796	348.5800716
351.6400969	353.5800894
352.3000854	345.1000777
345.5200923	347.2800808
346.6200879	349.3400986
350.5600879	347.4800712
345.9200647	339.0600671
344.8000679	332.380075
333.6800754	333.9200815
331.7200924	322.4400921
317.180067	320.3600617
329.1400906	315.8400751
313.7200736	303.3600731
304.6400816	303.2200753
296.3600665	305.3000605
301.8200691	297.8800841
284.0600778	280.720055
267.7200824	279.7600676
276.9800742	255.6600633
261.1400587	268.1800604
285.2000801	281.8200553
279.8800671	262.1000548
263.7000558	253.6800657
254.540071	257.4200578
259.6000473	263.8600643
249.8200594	256.4800528
239.2400668	210.520055
216.5000563	227.3200531
223.8400501	218.2400548
216.0200488	200.2000435
208.0000502	194.1400505
183.9200532	196.2800585
200.9600406	178.3200374
171.820042	179.5800481
186.7000486	177.4800502
171.4000366	193.6000416
209.1000492	220.5200456
232.5200593	208.1600439
207.6800498	195.900045
199.5400501	203.7800552
199.2000517	194.8000446
199.5600537	196.880045
193.9000493	182.9800368
194.7400507	193.7400545
193.0200505	196.4600514
180.6600414	192.7600544
190.1400453	184.1800399
190.8600507	199.820045
201.7200393	209.1000488
216.4600523	222.0800496
214.8000603	215.1800544
211.8600492	213.9200437
219.9800544	221.9800469
217.8200618	206.6000549
202.1000594	198.2000484
198.4800555	196.480049
200.3400539	191.7600418
189.6200437	189.5400437
184.8600414	180.2400423
179.7400427	192.8800397
187.5200444	180.4800429
176.9600493	176.2800472
179.2800486	179.8200487
178.8800345	172.5800351
170.4800362	160.9800304
163.8600393	165.1600436
170.4200417	185.9000393
189.2600443	181.6000408
179.8400526	190.0000473
189.400049	185.3400479
182.6000366	177.8600337
180.0600465	184.9400519
178.8000303	191.8000369
188.8600326	182.8200414
180.7000424	188.0000522
194.5600414	199.4400466
196.0800542	200.1200533
195.7400391	196.4200413
194.7000486	190.0000473
185.6000413	196.5400416
191.9800532	189.5000486
187.9600464	190.860047
182.0600442	178.3200374
178.6200392	178.8600312
179.8800517	180.0000417
180.0400326	171.4800348
173.7400394	172.7600431
172.2800519	170.0800412
173.2800462	171.6200477
173.0400428	173.2200468
174.8400336	172.5800351
171.9400407	170.7000403
171.7600401	181.500038
186.3400466	189.1600452
191.9000383	186.0400372
183.6200478	182.0200494
180.8600415	185.4000405
186.4200358	181.1600346
180.9200426	177.3200398
176.4800306	175.4200324
172.4800326	170.6600302
161.1400472	166.7600427
168.6000418	164.6600449
163.8600338	156.4000362
158.7800427	165.6600424
176.0800361	176.7200383
173.6400336	176.7200383
177.7200315	179.2800398
180.3800447	181.4600429
184.2400452	188.4000482
186.1800461	186.0000421
185.2000469	180.2600399
178.2000556	183.0200469
183.8400504	185.960047
186.4400402	187.1000424
185.5400373	192.9200348
194.0400432	199.4400466
200.0000442	205.0200534
202.6600613	195.6600594
192.7400574	193.6400517
191.6600401	198.5400518
197.9800546	198.3200487
193.7400434	189.0600424
190.1000409	188.7400366
186.7400421	181.280035
178.8000301	182.4000328
183.3000425	173.9000385
174.900046	180.5000555
179.7200499	182.3200426
184.0000545	178.380045
175.860049	178.6200457
176.2400442	175.8800361
177.860034	176.7400358
180.3600477	182.3400402
180.9200496	177.6800407
176.6800463	170.6000526
168.3600283	166.2200338
169.7400471	177.2600472
179.6200459	185.3600454
185.8000352	192.7000468
192.6000488	191.8600446
193.0600481	190.8400495
190.480042	199.3200462
199.8200489	203.0400558
203.7000575	203.2400613
204.1800499	203.1800537
205.42005	215.3200523
212.7200453	213.0000513
215.1600503	212.9800538
215.6600501	219.7400511
216.4600523	213.7000556
209.0200485	208.9800485
210.9000474	210.2400593
208.1800402	217.38004
220.2800475	225.4200607
228.3800496	231.9800525
229.8800633	236.9000652
233.0600456	230.0000549
230.8600473	232.6400617
236.8400603	239.1400609
240.0200566	240.4400667
239.140059	236.6200544
234.4000592	235.2800535
238.3800664	242.9000655
242.360051	246.8400481
243.4600477	241.0000431
237.7800502	243.5200496
245.2600644	243.0200659
253.2400609	250.8000583
249.2800479	247.8000656
245.8000524	249.4600573
246.7000674	247.8000656
249.7000588	250.2800469
252.4400762	251.660058
251.6000431	254.4800577
256.4800591	264.140075
263.5000628	265.4200533
266.6600441	265.0000597
264.6600535	258.1200621
258.0800692	258.3800753
254.740077	259.1400722
259.12007	248.8400733
246.4200622	238.9800505
239.5600726	245.9000582
244.6400489	244.840053
247.4600638	253.3000672
253.6400641	254.9000663
255.2600489	251.7400482
250.3000495	248.360057
248.1000542	245.0000634
249.5200484	261.5600609
263.5600555	266.10006
266.9000507	270.1400454
270.780065	271.6200592
272.940063	278.7000623
277.9800768	278.9800731
280.0000701	281.9000605
280.2600766	287.4800824
290.6200669	289.3400646
287.6400534	287.7000554
287.6200607	285.4400621
284.560069	280.500082
279.1000732	279.9000654
277.620065	273.9400601
272.0200616	272.1800656
273.3200761	272.700062
273.340067	271.1600705
272.2200671	271.760057
276.1400648	278.9600755
281.3400739	274.7400822
272.800055	268.0200499
270.8400644	272.4400488
271.5000536	279.7200574
279.5800555	284.8800707
286.9200696	283.9400808
285.1600812	284.8600732
287.0000695	285.6600652
282.5000678	280.0400633
277.4000526	277.2200485
276.9600771	270.8000696
271.8400673	274.4400739
275.5200702	272.7200595
272.6800645	277.0400856
279.0800699	284.6800652
284.0600812	284.5400673
290.0800586	293.7600635
291.5200689	295.0400718
298.1600538	303.500071
306.5400621	305.8200719
306.5800726	303.0200697
315.5800865	313.480064
313.260067	315.6400696
313.9000709	319.9800782
320.3400573	320.2000813
317.7600922	320.0000908
317.8000829	320.0600835
323.4000861	325.5800826
325.9800935	326.7800857
330.4200887	332.8600913
329.8600645	331.1000667
331.5000868	330.2200845
331.1600751	327.8200783
330.9800765	331.0200765
331.3200805	329.44009
327.3800743	325.6600878
325.1000741	330.6200956
333.3000681	336.840069
335.8800811	333.5600806
327.1000952	319.1800712
323.2600831	328.0000863
325.5000844	329.2000894
329.9600771	332.6600858
335.3000903	338.4400831
340.2400718	338.1200773
338.92006	338.800084
337.840065	334.8200763
337.5000825	338.9000868
344.540096	340.1000748
336.3200884	336.4200904
335.9800742	330.600083
329.2400841	330.3600824
332.8800818	333.1000618
334.5600806	340.6200862
345.9600657	345.8600896
345.5600898	342.280093
344.120077	345.1200752
345.8200915	344.3200832
341.6600768	347.4400762
348.0800851	350.3200836
355.9800837	363.7400754
363.9600831	369.1000942
371.6600836	370.0400992
368.5800902	368.040104
370.3801027	368.9600964
370.8000825	371.0000866
374.4000886	367.640093
364.0200828	364.740073
367.7400934	372.3000924
373.4600946	370.760086
372.2600867	370.7000783
370.7000768	361.7200828
362.8200819	369.8000835
372.4000873	372.0400792
375.4800802	380.0200772
379.5200972	380.5000935
381.3200932	378.5401085
377.9400938	380.9400846
382.0401014	381.6200913
381.2600901	380.0400898
384.5000843	382.5800938
379.2600871	381.1200775
378.7000728	376.1000922
375.7000861	379.720099
401.2000996	397.5200946
399.0400908	409.8401012
409.4000964	410.4000926
411.400087	407.8800862
407.3401013	404.9600987
403.3200891	394.740105
395.4200966	384.800092
390.0001021	392.7000847
392.1200883	377.000087
379.6001059	378.6200836
375.7000973	377.5000858
381.4600893	381.6200913
384.8000881	388.0600828
385.0200921	388.680097
393.8800863	402.9201085
402.0400853	405.9600963
409.1200858	406.5001052
406.2800972	403.9800987
405.7400926	408.9001113
410.960102	413.2601025
412.1601134	414.0001019
413.0801018	411.9201016
409.22009	401.0200861
398.3000982	399.8400805
406.0000918	411.7600911
410.6601022	408.8801138
410.8001026	408.3801
398.4400878	401.1800965
402.2200855	399.820083
404.4800874	393.9400829
397.9200924	392.4600992
394.8400993	392.9600829
399.4001099	386.6401067
386.6400957	377.9000818
378.7200723	379.7400965
382.5600828	395.6000897
399.0000895	392.8600801
395.5601027	389.3400911
390.7400857	393.9600805
391.6600904	388.3400936
390.2001101	390.060108
388.5200924	383.7200892
386.3401029	390.8601001
392.1000944	396.4600894
398.8800934	400.7201079
402.4000874	404.2001018
407.1000977	418.0801124
423.4401021	423.220098
425.2600884	418.2001127
417.6600954	423.2800907
426.2601086	421.4601035
426.8600951	428.0200953
429.2001048	428.7600947
428.7600873	421.9400897
423.5000958	421.1600952
420.6000897	423.9601125
425.6000946	420.2201054
418.3800943	415.4401056
415.7401128	421.3001081
420.2201132	418.8601069
421.8600862	411.8600939
416.6601087	430.0800981
429.8201121	423.4600986
424.1600929	416.1400949
413.5601029	395.5000869
405.020104	406.1401042
411.9001065	411.8801065
413.7000909	415.7601114
409.8601055	398.5800848
402.1600907	384.1201003
384.7400883	389.4600914
391.8200867	391.7200847
390.3400825	398.4600845
393.4601051	384.1001027
385.2600954	390.9200927
391.3801096	388.2400908
392.8400931	392.380109
391.7800813	390.240101
389.7600988	397.3400866
396.2200908	400.7600879
403.8800947	406.8000834
408.3800933	405.1000966
403.2600869	405.8600935
403.7200971	403.340087
404.680087	400.8400781
400.0000923	394.1200909
396.4600892	401.3200944
394.7601109	404.0001113
404.7600877	409.2400846
411.500092	417.9801096
419.8600954	417.7000989
417.8801091	418.6601013
418.5600957	421.4201084
429.8801158	437.9001157
440.0201153	438.1600988
436.6201049	446.0401091
447.6601039	449.6800984
447.8200961	451.0001168
454.7401258	453.2001175
450.760122	447.6801033
448.3601178	448.9001039
449.8000921	448.2401097
448.2001147	449.300115
449.5801138	444.5001026
440.9401083	449.5001205
451.2801262	456.7200914
455.2801133	458.7401142
461.8401001	453.3000901
457.9000886	461.8000995
466.0000949	464.7800946
473.2000957	471.7000873
470.9801268	470.0001306
474.8201157	471.940103
469.9601402	476.9801159
476.4001202	479.0801289
479.1001018	481.2001243
480.8801127	479.9001184
482.8601407	483.5801028
484.4000984	484.5801305
483.7201259	484.8601262
490.5601307	491.3801229
491.5601025	497.840142
497.1400967	494.8001242
494.060128	494.14013
497.0801181	489.1801222
517.6001196	518.4401398
516.4801396	532.9401194
535.9801454	541.6601168
543.7601306	539.0001275
534.5401118	524.0801092
526.5001388	523.200142
526.0401504	537.2801431
538.620153	522.1801469
527.6801356	532.7001188
525.7801149	517.360107
506.0601433	511.9801207
507.6601201	492.5000907
487.4201325	471.7201149
500.5001187	507.9801305
503.6801068	513.0401109
518.4801277	524.180127
526.4400986	516.7201404
510.3201057	507.640097
509.4001414	508.4401191
513.9601399	504.7201396
499.0001044	496.6801039
483.7601296	475.5200997
465.6400807	484.640093
494.56011	493.5200858
478.700102	490.440133
500.1601396	488.2201047
501.2001138	506.7001071
518.7801109	513.7601278
519.38012	521.6601205
529.0801068	527.9001065
530.3601427	526.2400997
516.4201122	511.9201431
516.5801209	501.8801273
506.4801254	498.6601316
502.9401299	486.4001477
489.680105	501.0201276
496.4601344	507.020113
511.9201442	508.5601194
511.2801297	519.3801297
522.2001174	534.5001084
541.2001235	543.7401021
544.5001177	548.1401485
555.3801019	540.3401284
544.3201435	547.7001424
549.1601442	541.9401125
542.0001388	538.0000999
540.1201577	533.4001081
533.8601387	536.6001213
528.2401413	512.3401216
513.4200901	503.0601178
508.6001154	496.9601147
500.9801315	493.8801017
502.000122	497.2600929
500.9801335	517.3401395
524.9601174	516.1801014
513.7801104	519.2401018
517.0601219	514.5801174
512.6401079	503.6001117
498.7601024	505.460124
496.4601329	502.9001224
506.3601185	499.800127
499.760136	491.1601499
485.8001187	503.7801347
530.1801093	508.4801142
515.3601201	518.0401288
514.1801141	519.8801134
520.0001205	518.5601401
521.7401362	528.1601498
527.3400969	521.9201036
521.4201248	516.2201116
511.7801185	514.5001272
520.8801411	523.7001258
522.0201327	523.8601212
525.680143	525.9601491
523.4601236	523.4001475
519.5601096	520.1801518
522.9601341	523.5001202
519.7001284	518.8201082
510.8001164	500.3801159
493.3801217	503.5801442
503.3001351	498.2000978
495.1601234	495.2801254
500.1601362	503.9401451
504.7201394	506.1401458
505.6801093	499.7601319
498.7801315	499.2801156
503.5801326	491.6000959
485.3400907	479.8601233
476.0801191	485.7801035
490.9001111	480.5601126
483.5000925	483.2401145
481.5201361	485.000109
483.7001115	486.2001421
494.9401013	500.6601267
502.5201336	504.340096
510.1801352	517.540145
513.2801265	515.6201551
519.5601093	525.8401488
530.080138	526.140127
526.3801237	526.8201338
531.6401123	534.0801149
532.4201132	536.1201201
536.3401402	540.4401011
540.4801072	553.1401062
555.3801011	550.7401
552.1601179	566.4601555
567.7201582	567.5401282
565.4201233	575.5001436
572.6601249	577.8401121
584.2001634	584.6401195
587.960144	582.3201186
583.540123	573.7201366
574.4601256	574.7401317
578.0001205	567.5001181
572.3001311	565.0401493
563.2001538	557.2801244
564.0001208	577.8801222
579.1801172	578.380151
580.6801272	578.4401286
583.4201099	588.140111
589.4801269	590.7201552
590.8201299	597.0801415
600.4001567	600.2801547
603.380142	604.6201183
614.8801171	629.4801345
636.9401795	636.0001313
606.8001433	618.9801301
618.0001397	621.0601304
624.7201392	619.0401679
618.1401655	614.9401448
618.1801774	617.6801393
613.7401201	616.1001227
615.3001536	615.6601617
615.900166	610.4801208
608.4601596	601.960144
604.4401405	608.3601254
614.0001608	618.720162
622.740173	625.6001597
630.9001469	636.5401702
635.9801508	634.2601644
634.4001468	637.2401595
642.1001419	632.1601515
633.2801693	636.060154
630.0001501	633.3001469
632.0001496	616.0601276
616.9201728	614.0801601
611.4401486	603.1801446
602.4001588	601.0001265
610.4001192	616.8601347
615.9401656	613.460161
613.3601383	626.7201275
620.9001241	617.4601513
624.0001656	629.6001349
627.4801413	630.0001459
631.0001684	633.740153
627.0801358	622.3001587
630.5401386	632.8001631
635.0601263	636.3001546
634.0201712	634.8801635
637.2801541	640.3001448
647.6001347	636.4201699
639.2601726	642.0201292
644.2601274	639.5201503
639.300172	641.1201344
648.7401259	643.3401627
643.4601683	640.5801556
640.0001612	640.7201233
642.1801394	642.5001455
643.2601617	641.2201672
643.2001351	644.4201354
646.0001405	648.4001431
648.7201506	650.320133
650.0001287	647.2001701
645.7001707	649.3601756
651.8201434	650.9401772
652.4401387	650.5801763
650.9601492	647.3201704
645.900175	645.1201848
651.2801672	659.1401632
664.8801516	662.580177
659.1001533	668.0001734
669.4401529	667.4601344
667.9801453	672.2401643
677.6601516	684.9001592
689.760137	683.2801475
686.5001433	688.8401719
690.3201541	691.3601783
691.7801654	696.9601526
659.0401876	681.3001951
696.7001729	677.6801883
672.8601524	665.3601666
667.5401354	653.440156
653.7401443	674.9001536
672.6601518	682.8001463
685.920162	687.7001764
687.5601534	686.4201531
688.3401431	672.2001692
671.6001569	678.6401607
682.6001348	690.0601725
688.9001444	688.6401663
687.600151	686.8801869
687.2801322	693.0001575
695.7801472	703.7601451
707.3601705	710.4001872
710.3801639	716.3201673
714.7801682	709.0801688
709.5001452	713.7001881
713.5801824	718.3601575
718.380185	719.8001913
721.6001922	726.2601653
714.5001556	716.6001781
717.4201744	701.1201984
684.3001583	677.2201545
677.5401577	685.2401476
688.0401595	685.7601589
690.5201587	696.3201861
702.4801685	706.4201795
710.9401763	698.6201594
699.9201683	704.2401613
714.3801554	719.1201845
720.1401817	720.0001517
722.8001608	710.7201479
709.8201576	711.52017
709.3801457	704.9401506
698.240179	693.3401458
690.660191	703.9801782
706.3601525	707.1201687
684.2001818	690.8601495
684.0001691	660.0201755
673.6601727	669.2801517
674.2601818	661.3401488
671.980185	678.6001505
685.120137	682.4001804
678.5601556	678.3801775
683.7001347	689.9401722
696.1401558	703.0801834
706.300174	700.8801828
695.3201688	701.9201604
701.2801349	697.260176
692.7201563	697.0201753
702.2201917	689.1201826
688.6201362	682.3801527
673.9801801	677.780161
682.4401856	676.0801441
676.2001513	676.1601493
679.8401811	670.1201688
668.1201754	661.6001319
660.9801512	664.8001602
670.0401592	672.2601317
669.6001584	664.8401553
666.6001446	654.9201398
652.200135	663.7001599
666.2001368	675.7201431
687.0201656	684.820169
710.0001891	701.400149
700.6801792	706.0201684
707.2401752	700.8401877
704.4801657	700.3001487
692.380184	693.5001563
693.560169	700.2601386
699.480151	692.5601513
695.9801552	696.4001913
696.5201362	699.1401708
696.8001531	693.5001563
699.3801839	693.3201784
695.7201703	695.2001581
697.7801439	698.9001702
698.0401766	694.4601738
692.2401461	693.1401403
691.3201812	681.0001567
678.4001394	666.6001347
664.0001295	672.2801594
672.9401484	679.740146
684.1601722	681.0601794
679.1201607	670.4401747
659.9401713	668.8001354
671.0001342	664.3801666
666.86017	673.5601376
671.940187	670.0001685
669.6001611	674.8201483
682.2001836	695.6601468
697.7401385	691.0201449
693.0001686	692.2001504
686.3601747	686.8801869
691.4001777	676.0801441
676.3401883	664.0801433
663.5601711	664.4801393
666.5001718	662.980143
661.1001512	651.8001769
654.4001837	653.2001554
660.0001432	664.8801504
659.5001651	653.5001336
653.8001598	650.320133
657.9801892	640.5201329
634.7201465	630.6401576
633.3601737	650.6001437
650.3201407	645.2201575
637.880169	662.4601767
662.7401361	652.7001717
655.1801791	664.0801433
667.3001851	670.5201799
672.0801636	668.0801786
669.400151	671.3401695
671.9001795	686.5201709
686.0001571	698.86016
697.9001471	703.5201444
709.3401402	714.4001774
706.6801617	719.4201628
712.6801992	708.000196
707.0601421	707.5001522
716.6601427	716.0401566
722.0201623	715.5401728
722.3401762	729.840162
730.8601528	747.6001926
756.0001772	753.7001506
792.2401631	773.8001647
773.9001901	774.5802043
776.6401713	786.6001876
780.7001962	797.0001742
800.0001784	806.820202
801.1801771	785.1801814
783.2401649	783.640175
775.2802017	780.9601731
795.5601882	793.5001677
795.3002128	777.8201826
781.9601916	785.1401863
778.8201949	754.7401734
760.8801849	747.2401917
723.3801434	706.4201795
722.60016	748.0201862
742.3001496	727.3801782
741.0401625	747.4002021
756.1401579	753.9801614
759.2601785	766.8201944
763.0401864	760.9601918
764.6201935	760.8801866
741.6801656	732.1001853
724.3401657	712.0601488
729.0201641	712.8801384
720.600168	747.2001966
746.9401645	752.3602098
730.160171	747.4401972
742.3401559	767.1601677
776.3601751	779.940178
776.5002003	779.9801731
781.1402055	769.6602067
771.6401725	762.0601922
749.4801957	748.1001914
734.7401962	759.4802081
771.1202057	767.860157
764.8001688	768.2801956
767.8601666	754.9601614
746.0001578	759.880159
764.2801608	769.240168
774.040163	778.600162
782.8601901	785.9201808
791.0801932	801.0002096
794.0002052	823.2602142
830.5002173	826.9001884
839.2801828	824.2802093
802.060206	803.6402164
800.5601921	808.6001639
799.7201811	806.3402007
817.4601826	798.5201982
800.3801646	794.0201791
803.8401614	781.1401961
774.2401667	762.6401661
760.7401493	749.2001767
749.1401569	745.0001959
735.7201948	756.5001679
746.6601995	754.7401734
751.5601777	739.600167
758.1802083	777.620177
785.1401892	800.5801709
814.6801991	804.3802007
809.960199	816.8601727
833.6601814	844.0001798
843.4802229	839.9802221
843.5201738	844.480196
802.7001682	797.2401748
800.0001817	790.6202054
796.2002034	785.7402029
792.3601665	811.5402091
810.0601796	795.5402181
803.5202157	801.2002151
815.120218	809.3802186
806.0002129	809.9001698
804.8401933	809.5601965
794.8202	793.0202116
800.1802185	794.8202012
798.1401693	806.1401952
804.0602011	800.4801982
799.8202112	799.4602031
804.4201995	812.4601714
793.9401816	790.5601827
794.0601715	770.4401861
773.220181	769.240168
767.0401747	758.5201906
761.6002023	777.6601721
778.5002006	769.5402064
767.9601877	754.8201786
757.8401683	749.8801985
740.8002021	738.0201655
742.0401744	753.020189
749.0201537	733.9801801
736.8401598	727.1401776
744.7001547	752.2401945
751.6801897	746.4001745
762.5802002	764.4001606
765.080174	775.8601825
779.6601622	779.4001841
786.9801819	786.0202137
785.0201817	781.900163
779.8601699	778.1801835
782.9001844	781.320174
785.7002059	787.2402143
783.360179	783.6801851
786.0001831	777.620177
773.40021	760.3802029
766.6601799	757.8801639
760.7201882	762.0401646
764.9402003	764.4201882
775.5202057	791.9001837
793.3801694	792.9002113
794.0002013	797.100192
799.3801968	806.6602066
806.2001623	813.0601879
813.7802055	805.2801955
806.8001764	810.2402032
807.0202139	810.0002026
818.8001872	822.4601921
820.0002213	826.880221
829.9002104	836.0601919
839.5402126	844.8002019
851.0001867	843.4602009
851.8201804	846.4801912
845.3602121	845.1001801
844.5601935	842.7801791
839.4001891	839.6202211
848.4001844	849.4002087
853.9202048	858.2202238
860.300215	855.5002118
854.9802067	840.6002211
845.3401838	854.82019
850.2002244	840.8201941
908.8801869	893.3202013
896.7202261	889.2601884
888.6802002	894.5602295
891.4201889	906.0202064
911.1801672	912.9601816
916.8202417	912.3801926
911.8001971	910.2402147
914.600274	919.3602231
916.7602128	927.9401775
930.5002439	937.6602476
941.0002414	953.3602604
961.5202286	986.3402424
981.920273	986.8402262
999.0602269	1005.200288
1009.32022	1018.920228
1028.520238	995.3401904
983.0002467	1004.420234
1006.220222	1004.240256
1013.760269	1029.700289
1026.160239	1026.080237
1030.160216	1032.780196
1039.34024	1044.820207
1042.620215	1051.520287
1055.920282	1070.820279
1083.120272	1084.880313
1096.340232	1088.94022
1088.480281	1090.360272
1090.840283	1066.320305
1047.320235	1060.52022
1073.600269	1061.38028
1069.380249	1083.980213
1088.42026	1090.340304
1097.960242	1104.000222
1115.080316	1136.200269
1156.100333	1179.160305
1199.220249	1171.120269
1169.440239	1171.140251
1196.74031	1202.200304
1199.020302	1211.920253
1205.480271	1205.000261
1195.560259	1198.68033
1200.9803	1192.10031
1199.580312	1213.960244
1212.360317	1228.960327
1236.760237	1235.240308
1225.560301	1219.720273
1217.540253	1199.100308
1203.660301	1237.260331
1254.60033	1258.640263
1248.700277	1248.620275
1253.960325	1267.360261
1252.260309	1272.460296
1279.860298	1256.880329
1272.400266	1252.400337
1250.000285	1245.540262
1248.220271	1210.460252
1220.120294	1160.260324
1157.880235	1219.400268
1227.440296	1216.680316
1200.440263	1174.880258
1182.760271	1145.960274
1141.220311	1143.400228
1125.220254	1120.560279
1231.28027	1220.000329
1228.540234	1215.400277
1210.140242	1206.000333
1195.600303	1167.960251
1169.800292	1164.260299
1160.480244	1171.960241
1181.000229	1163.640255
1154.160302	1130.500262
1123.000283	1138.960276
1139.160223	1136.360265
1127.400281	1138.36032
1149.160244	1141.040217
1130.000281	1133.42028
1125.140258	1116.440244
1122.900312	1106.34025
1108.100283	1092.160261
1090.620253	1060.24027
1067.920239	1060.760236
1069.000204	1122.560214
1139.100304	1113.94031
1115.000312	1141.120222
1151.740286	1130.640305
1129.18029	1124.580237
1141.800292	1144.540223
1138.400267	1158.340274
1161.480317	1155.460311
1138.320255	1121.980225
1123.000286	1128.580227
1122.540242	1125.660315
1135.540279	1142.920317
1154.580286	1143.440268
1143.200271	1160.640247
1175.440268	1142.340222
1148.920236	1152.320261
1149.040298	1144.320295
1142.480251	1143.060239
1142.000236	1148.260248
1141.920239	1171.56023
1166.800274	1174.820326
1176.420258	1171.480225
1170.880262	1155.340251
1158.080297	1164.200276
1154.600259	1141.540306
1142.660226	1144.060312
1150.000323	1149.000247
1143.340299	1138.100232
1156.000243	1168.000306
1169.460315	1185.040275
1189.760282	1198.820252
1201.120329	1219.880284
1214.180287	1211.760258
1210.600279	1227.780277
1235.940249	1216.420333
1212.240256	1208.860313
1200.480311	1197.800302
1205.900247	1209.940286
1210.240318	1213.820321
1221.580297	1213.880253
1213.18032	1212.52033
1222.560288	1228.640321
1226.060295	1208.600345
1188.800259	1207.660295
1214.760276	1201.840243
1148.920247	1149.940297
1159.520332	1149.760319
1150.020301	1170.320262
1181.840301	1190.060305
1206.460262	1221.520263
1231.820317	1213.62027
1205.680319	1215.580255
1227.260314	1231.400329
1234.580325	1245.100301
1245.540253	1241.820328
1238.780267	1239.720315
1241.005729	1246.790485
1242.733206	1248.738832
1252.13339	1265.410109
1269.166186	1268.804685
1268.021282	1267.077198
1267.840526	1278.144576
1285.496013	1301.785629
1305.601985	1336.012
1347.400652	1317.753865
1314.459811	1343.483894
1337.940178	1330.95035
1324.683521	1332.135363
1365.819375	1357.162351
1355.756353	1355.394854
1356.298721	1352.723407
1347.039154	1333.440947
1340.229965	1336.192744
1337.237242	1355.7363
1356.941485	1346.215649
1352.120865	1358.347469
1361.922775	1366.723222
1366.7434	1331.171225
1335.931647	1326.852838
1339.426521	1345.331848
1360.556916	1371.825108
1385.844989	1388.496385
1404.705646	1405.569387
1405.770197	1409.847644
1406.533426	1410.229311
1404.323992	1403.400074
1410.851908	1406.191987
1379.61838	1387.512175
1382.430476	1352.864036
1343.2228	1336.072173
1334.284628	1368.490825
1363.32877	1339.928752
1348.08354	1324.442487
1329.303331	1328.298961
1335.429517	1348.66601
1348.264389	1339.326104
1336.11241	1310.784104
1299.315102	1281.820305
1282.784446	1277.160381
1284.973722	1287.323795
1298.551763	1261.593765
1264.526317	1264.827639
1270.130324	1274.970996
1276.19623	1305.160027
1303.312192	1294.755575
1284.672504	1270.712796
1267.519159	1224.917034
1230.099147	1273.504724
1267.418747	1231.987204
1248.216647	1238.95698
1245.324209	1224.314386
1224.093512	1213.18682
1194.868515	1195.752313
1201.577191	1198.202794
1196.897212	1158.553285
1172.050981	1174.260425
1185.528608	1170.705162
1157.872249	1125.910931
1131.217585	1085.051224
1090.438682	1103.836603
1118.142514	1095.30147
1087.391881	1095.442746
1100.688925	1083.295801
1084.607355	1060.575777
1059.728355	1064.73241
1091.023817	1141.508234
1153.978024	1131.782571
1138.521882	1133.376661
1144.413773	1153.150745
1162.028887	1189.530987
1189.571284	1179.946584
1164.793145	1176.233927
1190.923238	1189.187871
1184.002247	1180.955438
1197.844132	1182.791663
1173.933674	1161.927908
1147.9247	1087.149733
1067.274796	1104.199761
1116.629228	1075.971346
1059.324782	1069.050346
1089.127136	1092.395932
1105.269172	1087.573456
1071.734008	1068.788062
1038.642724	1028.634615
1026.899347	1046.875158
1059.324788	1077.282899
1072.379714	1061.968042
1069.413606	1052.726741
1034.042227	1047.884117
1049.942221	1049.578962
1047.218271	1035.11164
1036.201204	1039.268272
1029.64356	1028.23104
1030.127736	1073.792125
1117.476653	1107.811543
1105.491152	1093.828493
1083.477379	1063.360293
1053.271475	1057.105256
1067.819516	1059.950335
1054.280435	1043.384489
1066.487821	1056.318285
1051.253776	1049.841365
1014.288404	1012.411869
1005.450559	980.4706922
998.0655518	1021.168885
1029.683876	1014.288406
1005.894428	1008.880784
1018.081771	1018.505482
1026.657216	1037.1496
928.1703064	909.0015096
911.4027346	887.5729368
883.4365063	907.6496605
925.1436486	924.6795251
922.1169863	921.773987
922.0766905	919.0701835
926.3744852	915.2969625
915.8820958	892.4962723
895.9869982	923.8119474
921.0475862	922.8232567
940.175603	950.2623098
961.9929386	963.9818589
967.0666904	974.0280243
973.1755635	949.6128557
948.2124784	947.8065661
942.753065	946.9541896
951.5408579	933.9043778
935.8121203	933.5593825
928.8914313	910.9504884
905.1663575	905.2881308
911.7623128	914.928331
921.0981043	898.6718452
900.7420087	911.1940375
910.0981178	902.264096
901.2087731	895.8305548
888.9301978	873.6479092
868.2290447	852.5002492
855.4025032	875.007637
881.8471386	863.8858743
861.5316304	873.8711299
872.2881258	876.1847857
872.1866134	888.6663214
884.0593349	869.5076354
869.5482355	869.3452794
878.437579	877.7677944
888.7880928	900.41727
895.9320159	924.8933184
932.5649153	922.3969181
928.3434216	917.5058041
913.7309711	918.8249956
922.5796559	937.4560321
943.0980702	940.8453303
944.620268	935.8932916
926.3951465	917.5058041
912.9191378	898.3877597
896.8452882	870.4818316
867.8231217	872.2677928
875.4744569	876.7327335
880.3249859	868.0666694
861.5316223	858.893239
862.2419566	865.0021132
865.3065751	866.5648537
868.8379113	884.2419772
880.243812	881.4818198
881.1164946	872.2881212
866.6054437	852.0943893
855.5851339	865.063023
852.9467447	817.4910426
821.9356654	795.6736604
787.3932372	792.588821
796.8710763	809.109124
819.9061442	824.2493108
798.6976908	822.8895379
834.5998904	828.8157578
831.7179674	846.7161171
853.3120748	872.9375302
883.0445503	898.6312486
902.0408725	891.5482534
896.6017396	904.1921601
915.9430488	913.2438611
924.8729357	935.0205566
943.6663457	930.8600748
931.6312583	941.3729648
939.3708123	933.1601985
935.611802	925.397016
922.4142865	929.0130985
927.1948544	906.7857365
897.1838517	876.120974
864.6599899	887.8271312
896.9590844	885.1304095
882.3723928	904.8857742
895.1204521	898.2053009
907.1738777	901.6578847
890.6259617	903.2718369
900.63644	909.4211273
919.125195	901.8417869
898.8999211	909.0125308
910.4426227	922.5573194
924.436881	918.7779036
920.8207952	920.8003922
925.9077418	917.9197984
910.4426278	909.339408
910.0748908	895.7537522
891.7495745	902.5976641
908.5630692	896.6322158
890.1969524	893.996825
897.8784192	882.9444372
883.5777291	890.646349
889.5023326	878.5725227
881.4122084	882.5562894
881.6573751	882.0863772
881.3304856	864.169659
856.6107722	851.5850984
854.955965	844.7616352
832.2996008	822.3708346
828.8265677	822.5546917
825.1492629	813.2388126
815.6495055	804.474535
799.5306327	810.0927026
822.6772631	836.0177611
837.5295895	854.9559779
859.7977524	859.6751731
858.837569	852.7699906
858.265521	847.9282089
844.9658814	862.8417318
857.2236202	859.5321831
864.0675461	872.9339517
873.669431	871.340463
868.2760156	873.2404253
871.3608562	878.8789363
877.8575015	879.1037057
885.3755822	882.0659736
884.80353	868.1534257
877.367183	870.9318666
870.2985549	855.9774164
896.7139384	899.9418246
900.3299649	895.8354715
889.2980256	900.9224561
900.5342611	914.8145405
919.2477105	926.1120861
929.5238156	924.4980887
931.0763925	932.9763564
935.6935244	944.9480749
949.3404468	959.0649136
956.1434985	950.4845231
947.5222055	949.9328916
953.9018198	948.0409584
943.1671179	934.5506143
939.506716	961.0993706
968.4614527	1006.772907
1023.862029	1025.136999
1020.85961	1023.923644
1028.530082	1033.013175
1037.146575	1044.138532
1048.189687	1030.42205
1035.604298	1033.074897
1038.462727	1034.30867
1034.946217	1030.31925
1029.763976	1034.32933
1024.108809	1004.757591
999.4314713	1009.508
1011.050399	1011.153197
1011.770092	1001.940343
1014.03217	1004.737052
1027.316828	1025.527763
1028.735784	1018.494627
1025.013565	1024.56119
1038.503919	1040.909875
1040.971597	1017.199116
960.3795841	961.8190718
963.4437172	972.0602208
965.1710709	956.0404728
948.0203147	925.6462486
921.204339	936.3397781
952.5034108	955.5880922
967.9678945	971.2581688
982.9798799	961.20217
1020.201536	1008.973374
1017.69268	1005.80644
1006.012033	990.2391624
999.4314839	999.8838582
994.866129	992.7480274
981.437601	980.4093012
983.9052828	1003.462096
998.670608	1006.752369
1008.706051	994.1052442
995.0306411	993.3238364
1000.583004	1003.030254
1007.53389	989.0258075
996.6346525	1000.644727
1010.371684	1006.91689
1001.467319	1013.435819
1007.307637	1020.078086
1023.101163	1025.507119
1029.846232	1030.50431
1028.180502	1037.47562
1040.539755	1046.503414
1052.426004	1072.147334
1082.532356	1069.083184
1067.294118	1079.550471
1079.632731	1093.842777
1092.629428	1081.60697
1087.94074	1089.668191
1102.808863	1062.523177
1068.54856	1079.427148
1079.632734	1074.902861
1077.617431	1069.412226
1071.612585	1083.231508
1078.769072	1080.558137
1084.177836	1077.496783
1074.725048	1060.059765
1064.382788	1076.752122
1075.573107	1073.628777
1070.774311	1075.614428
1071.456883	1076.896947
1081.406108	1092.472373
1089.2042	1085.915374
1085.915371	1072.759951
1073.587349	1074.662965
1074.001052	1065.251504
1070.629481	1077.951795
1074.600879	1075.18006
1077.70358	1083.329781
1084.115758	1103.310968
1109.3302	1129.290726
1136.571735	1150.202716
1154.194875	1140.191509
1154.815382	1171.404339
1169.708219	1168.674028
1184.497676	1174.67251
1170.30806	1158.373082
1160.193352	1171.63189
1165.736817	1169.811617
1172.810903	1161.144802
1162.758288	1159.448694
1164.226842	1146.810486
1148.030923	1153.160684
1149.664954	1147.96884
1137.026748	1139.239956
1136.613044	1126.18804
1128.194449	1135.62016
1174.879414	1179.202435
1178.788726	1174.196718
1175.086209	1166.398743
1166.23326	1158.517906
1153.077955	1146.996628
1146.272733	1160.44158
1149.396076	1144.121493
1143.563075	1118.989885
1111.68824	1125.091768
1125.898498	1117.045553
1114.501274	1124.119647
1131.028272	1109.764567
1116.61109	1102.359506
1096.09215	1108.130527
1113.280951	1130.180211
1144.928228	1152.871035
1147.782712	1146.438216
1140.708609	1118.348626
1119.010546	1135.723561
1139.529593	1140.770581
1137.523177	1150.430267
1145.921114	1129.518292
1137.792063	1138.681544
1052.34441	1047.669662
1042.395194	1035.776114
1039.478638	1033.769699
1024.254829	1035.465807
1039.623455	1037.38948
1046.32517	1052.406494
1047.793835	1060.266567
1061.348591	1066.446605
1084.90358	1081.366143
1079.243694	1100.738697
1104.109665	1115.24206
1117.30217	1115.158837
1112.536984	1132.866694
1128.788276	1131.951212
1136.133648	1136.112866
1133.53257	1118.176076
1109.061994	1105.233288
1108.645825	1092.956389
1088.5867	1097.742343
1101.550269	1086.318572
1089.543857	1076.517835
1076.080879	1097.992057
1100.925962	1095.016377
1089.148467	1098.179312
1104.921132	1105.420544
1104.754665	1107.75113
1108.64582	1104.400939
1105.108493	1103.755951
1099.427828	1104.754655
1114.180902	1115.512553
1112.224922	1116.594601
1118.321765	1104.192905
1100.322522	1091.791089
1098.054399	1096.056866
1094.308927	1105.75348
1107.542974	1105.462208
1102.611444	1100.135282
1106.856322	1108.812293
1120.36097	1121.96322
1126.769852	1134.031979
1137.215702	1123.190859
1123.69027	1118.363331
1120.152818	1117.114792
1122.046454	1116.865094
1118.987653	1127.08202
1128.60103	1128.954753
1126.541044	1121.130871
1123.253309	1106.627508
1098.720286	1089.252483
1092.831584	1089.19013
1087.525423	1103.506237
1104.255358	1089.273368
1079.95126	1081.220567
1085.985632	1085.527782
1082.593885	1077.787138
1077.9744	1079.972043
1082.032028	1092.311401
1093.14364	1105.274967
1099.323699	1106.377794
1100.884397	1091.916006
1182.34892	1181.433334
1174.691396	1190.110344
1191.899963	1236.200837
1235.472501	1232.53849
1233.183594	1227.877438
1231.851826	1230.76988
1232.559375	1233.058787
1227.981566	1250.49606
1252.243983	1236.86671
1238.614543	1232.53849
1230.885475	1230.341481
1223.122496	1225.214998
1229.295173	1240.46896
1238.732161	1242.414962
1239.631965	1242.645054
1244.381853	1232.07817
1231.680565	1250.261638
1250.973033	1265.07621
1264.908821	1265.327322
1263.485922	1268.675212
1269.282004	1270.683898
1270.642095	1285.038166
1288.699958	1309.101423
1309.917415	1305.711628
1313.746614	1329.502783
1334.94317	1324.522793
1326.53149	1315.420617
1315.023006	1334.022469
1333.813281	1349.255547
1352.143147	1354.549438
1359.885226	1350.824948
1357.792718	1372.439889
1387.526564	1380.495878
1378.738174	1374.783496
1377.419996	1351.787447
1350.469142	1336.993774
1340.362667	1350.469142
1352.080344	1348.711554
1351.494447	1350.176246
1351.787436	1345.489152
1345.342632	1331.574379
1337.579667	1330.402583
1329.230779	1322.346594
1321.321285	1323.51839
1323.664899	1331.427886
1330.256098	1347.246861
1349.004438	1361.161619
1369.803401	1369.803401
1374.930005	1369.217608
1372.000495	1377.273491
1378.884688	1405.689041
1410.083133	1396.60775
1397.92605	1397.193648
1373.3188	1392.067164
1396.754257	1394.703653
1404.077849	1412.719622
1417.846202	1396.168345
1420.336199	1388.258865
1391.920662	1363.505106
1371.268217	1383.132381
1391.334763	1375.955292
1386.794169	1387.38007
1397.633055	1423.558607
1421.361501	1421.215
1418.578507	1430.589188
1432.786275	1450.362836
1454.903549	1440.988663
1441.867553	1437.619874
1423.119216	1400.269541
1390.016581	1408.032528
1411.547929	1400.123033
1396.754252	1393.23896
1387.819477	1390.895368
1397.372166	1390.748198
1387.509769	1394.575323
1402.376916	1412.97535
1413.711397	1412.680995
1415.330607	1431.375377
1432.700247	1435.202622
1441.090664	1442.268281
1449.775417	1459.637923
1463.317933	1479.80429
1478.479531	1480.393105
1480.393105	1480.540335
1476.271505	1491.433118
1498.351555	1494.671548
1492.905104	1485.103504
1487.017072	1503.356301
1495.40747	1505.122746
1514.101985	1508.802761
1517.045939	1520.578819
1517.634747	1456.399494
1455.074626	1444.32908
1454.338703	1456.841078
1461.698704	1447.86185
1458.460294	1442.415405
1442.709868	1486.722719
1478.037964	1493.052333
1489.813907	1496.437993
1513.365934	1495.996287
1469.05872	1484.661919
1490.697081	1495.260363
1500.412336	1498.351547
1505.711569	1486.133904
1498.498782	1487.605889
1480.834676	1510.863545
1503.798002	1497.762732
1479.509922	1440.649066
1450.36423	1483.042705
1452.130681	1473.621906
1483.925877	1483.042705
1480.687457	1459.932278
1461.257016	1470.530706
1463.759503	1466.409122
1471.266643	1466.409122
1463.612282	1453.602664
1453.74988	1483.77875
1494.671547	1487.017074
1482.159549	1482.748365
1491.580346	1469.205846
1477.743493	1453.602664
1442.121048	1435.791437
1406.49862	1416.949824
1435.202631	1437.705006
1447.273053	1468.469922
1516.457132	1508.361176
1513.807511	1516.015545
1532.060426	1543.100446
1548.252429	1548.841245
1543.394779	1547.22203
1551.490864	1571.215641
1569.89091	1580.04764
1574.454072	1574.748531
1589.910128	1589.762899
1593.001324	1610.370971
1609.782162	1598.594897
1605.954904	1602.422142
1605.526742	1607.005113
1607.744358	1611.58819
1611.735946	1608.927088
1607.005112	1621.788968
1617.058134	1644.70399
1652.835156	1667.914644
1672.793346	1688.020688
1689.351189	1685.211724
1684.472596	1707.091881
1706.648374	1695.264746
1698.812957	1719.510266
1737.250961	1721.875735
1727.493559	1753.808808
1760.313758	1738.581459
1743.608016	1759.278874
1763.270475	1758.244008
1756.469913	1701.178321
1677.967677	1694.67339
1711.231351	1713.892445
1711.526979	1707.387514
1714.779444	1700.143456
1686.837948	1661.705452
1629.03313	1687.133699
1691.421034	1655.052644
1659.635708	1650.174055
1633.024738	1622.232582
1636.572829	1600.056793
1572.558816	1578.176637
1583.646704	1617.50175
1653.870011	1665.401404
1659.635714	1652.539419
1658.157364	1669.688742
1673.976073	1663.775183
1664.366551	1655.939753
1657.270236	1685.211724
1682.254996	1684.029103
1680.037393	1663.479444
1667.914643	1631.841989
1646.773707	1616.319008
1600.943798	1570.784717
1575.072043	1570.932578
1584.829326	1592.960491
1614.840657	1654.165655
1665.697039	1655.939753
1664.662169	1615.13628
1647.365092	1629.476641
1612.031688	1623.267448
1626.224164	1579.211502
1582.316098	1566.940873
1594.290984	1607.300851
1610.701078	1619.57148
1630.068	1661.705452
1660.227091	1670.280114
1681.515774	1672.054106
1662.001077	1613.510044
1739.024943	1704.726412
1719.658136	1757.800514
1750.408586	1732.076634
1745.234261	1753.808808
1751.886939	1754.104546
1751.88694	1767.557797
1781.360979	1780.173678
1781.360976	1765.183021
1759.543033	1776.908379
1783.587304	1811.045362
1822.177031	1853.494076
1871.007882	1876.944777
1889.115382	1886.146986
1892.232234	1897.278642
1894.31012	1910.488179
1906.925982	1906.480731
1909.003877	1922.065088
1929.783087	1974.012787
1973.122283	1961.693728
1952.640001	1911.527029
1911.527016	1935.719879
1929.486185	1906.629299
1918.354542	1915.97973
1914.050387	1919.987178
1916.128302	1907.816477
1908.41028	1876.202733
1905.738576	1879.022672
1899.208083	1887.037478
1876.202737	1848.002525
1851.564631	1814.310675
1815.349631	1847.111928
1846.369887	1834.347615
1838.651861	1854.533017
1868.63319	1885.553284
1884.959591	1906.777642
1910.933439	1892.380687
1903.512324	1868.633181
1886.740695	1888.076433
1888.373342	1880.358538
1878.13218	1831.230764
1822.028678	1843.995077
1848.893038	1829.301332
1841.175124	1875.609031
1871.453117	1846.815122
1852.60358	1844.143525
1855.72042	1860.024673
1847.408833	1890.154329
1894.458581	1870.265837
1867.891029	1864.180479
1867.891008	1878.428971
1869.37523	1886.443777
1905.293326	1882.733224
1884.959588	1874.570091
1876.202744	1881.694284
1874.27318	1872.640523
1863.438435	1851.564629
1863.735241	1893.864881
1901.286086	1883.623837
1884.811136	1909.00388
1904.254496	1924.588237
1936.758935	1933.641983
1963.771632	1968.817921
1995.682508	1937.797789
1931.860996	1909.300776
1909.300763	1857.501524
1871.601575	1913.901835
1922.065088	1910.191283
1902.028027	1867.148987
1878.428982	1855.423629
1859.596833	1866.899965
1888.063897	1902.073888
1898.645864	1882.698387
1871.967332	1875.991541
1880.164714	1878.078127
1898.944026	1921.896387
1923.685044	1919.213739
1913.401128	1940.377683
1947.829769	1938.589241
1937.545834	1938.440056
1938.589252	1958.262676
1961.392653	1975.402406
1976.296845	1931.882169
1942.61322	1967.950314
1965.267666	1964.0753
1955.877936	1941.718992
1941.719003	1945.594005
1935.459263	1936.949773
1947.382679	1939.334277
1931.286095	1928.007156
1930.093745	1917.425087
1921.151141	1904.756657
1888.361938	1899.092976
1906.545072	1920.853207
1925.324298	1916.530866
1910.569279	1895.366937
1879.41944	1891.640883
1893.280366	1901.775744
1903.564282	1897.304549
1896.261261	1905.948901
1903.415219	1886.871544
1900.13626	1901.924809
1899.9873	1893.280351
1895.963108	1909.376917
1920.555066	1900.285341
1902.819027	1889.107194
1869.880762	1856.019857
1871.520242	1869.433654
1891.342863	1886.871544
1884.337862	1884.486934
1862.130626	1877.929047
1876.289582	1873.308787
1855.274702	1826.807638
1845.884985	1789.547144
1817.418021	1837.389602
1863.471949	1872.861669
1878.525228	1872.116422
1873.755876	1890.150479
1903.862312	1915.338501
1923.834006	1931.882169
1952.002934	1968.397642
1980.022904	1948.723997
1818.163176	1866.303782
1880.909839	1865.409576
1867.794197	1855.572754
1834.557758	1829.78843
1838.880006	1838.880006
1835.452112	1833.067381
1823.081591	1823.826846
1827.254743	1807.87936
1810.860162	1765.253343
1750.05099	1708.617333
1683.429198	1719.944559
1736.263664	1723.687408
1715.453058	1729.526345
1744.647762	1792.407394
1763.811475	1699.133895
1684.761114	1725.334303
1737.311669	1723.986905
1711.560402	1736.113913
1737.311672	1754.079978
1743.150618	1744.198635
1738.209943	1721.890891
1707.967231	1686.557755
1653.32065	1583.403018
1420.361627	1543.877839
1663.501382	1553.160188
1603.315234	1642.241645
1680.269683	1690.600055
1679.37131	1696.139616
1677.275292	1688.20465
1649.128615	1612.747461
1650.326357	1681.91646
1684.162229	1652.422381
1631.462031	1635.95347
1673.083226	1681.467327
1703.176304	1649.128604
1650.925124	1685.359992
1673.682112	1709.913504
1745.396381	1726.38231
1735.664777	1740.904843
1740.45571	1742.851236
1731.622504	1705.571722
1679.97019	1698.535021
1701.828796	1724.885171
1697.486989	1697.786497
1701.229908	1711.5604
1695.540727	1721.741135
1743.300358	1717.399337
1704.523703	1683.41372
1689.25266	1632.809435
1649.427983	1651.374374
1632.959172	1640.59475
1617.089252	1652.572016
1645.086184	1658.56071
1656.314916	1666.495661