75.650002	75.540001
75.54000097	76.19999697
75.75000161	76.83999763
76.94999833	76.15000332
76.09999773	75.61000074
75.40000265	75.51000265
75.15000091	75.8099969
75.62999757	75.41000457
75.41000518	74.72000217
74.40000166	74.56999966
74.69999699	73.94999699
73.93000049	74.37000349
74.03000042	74.00000142
74.3000051	74.3500001
74.44999802	74.90000303
74.97000085	75.05000285
74.29000126	75.47000126
74.05999788	75.42999987
74.65000345	76.34999948
76.41999743	76.61000043
76.70095451	76.24620073
76.24619989	76.27652254
76.14514429	75.90261467
75.91272373	76.8020071
76.98390578	76.20578423
77.20623112	76.38767734
76.49883986	76.6908469
76.70095399	76.65042232
77.5093913	77.2365451
77.10517579	78.31783602
78.31783696	78.70184397
78.64121395	79.73261292
79.7326117	79.83366495
79.58102577	79.89429509
79.63155776	80.14693459
80.08630445	80.08630445
79.934719	80.42988782
80.74316503	81.14738713
80.85432507	81.34949388
81.09685608	81.27875557
80.59158035	79.92461151
80.15704276	80.15704276
79.95493394	80.02567162
79.88419624	79.84377312
79.84377189	79.88419501
79.83366515	79.17680386
79.02521979	79.32838864
79.07575122	79.12628189
79.13638286	80.08630445
80.14693605	79.51028984
79.53049633	79.8538732
80.08630265	80.91495588
80.91495621	82.71373803
82.71373987	82.56215594
82.86532447	82.12761794
82.00635571	83.10785414
83.16849165	82.86532281
83.06743047	81.34949388
81.85476995	81.77392371
81.65266385	82.31962461
82.31962277	82.41057655
82.25899387	82.37015467
81.97604142	82.56215594
82.56215396	82.86532281
82.86532468	83.63334679
83.26954769	82.54194769
82.56215571	82.48131756
82.17814635	82.85521464
82.61268453	82.51163128
82.91585314	82.4307848
82.66321505	82.7238462
82.51163104	82.4307848
82.43078557	82.22867805
82.14783366	82.19835625
82.2589932	82.86532281
82.41057778	82.30951644
82.36004636	82.57226142
82.47120826	82.86532281
82.76426932	82.78447633
83.0067988	82.99669125
83.02701524	83.37059912
83.57469252	84.30941609
84.08491794	83.79919352
83.42162361	84.43186509
84.08491794	84.12573586
83.77877903	83.44203017
83.45223578	81.62563285
81.63584005	81.17664151
81.48277049	81.96238309
81.66645303	81.0133663
81.78890887	81.74808993
82.2991347	82.09503999
81.48276989	81.71747701
82.14606399	81.48277075
81.07459034	80.33987391
81.03377991	80.13578057
80.18680454	79.91127951
80.25823732	81.37052156
81.22766072	81.73788473
82.45220124	82.69710672
82.68690069	83.44203017
83.4522379	82.63588357
83.1154879	83.13590094
83.62571126	82.15627123
82.1562704	82.91139988
82.80935767	83.67673643
83.57469454	83.11548783
83.61551234	82.70731462
82.91139993	83.64612351
83.66652879	82.14606332
80.87050458	81.72767683
82.0848397	81.92156496
82.09503766	82.43178753
82.43178846	82.81956381
82.81956288	81.71747701
81.83992693	82.22770228
82.33995144	83.05426198
83.11548783	83.11548783
83.11548642	82.91139988
83.06446958	83.46244328
83.08487349	82.55424462
82.80935733	82.29913333
82.32974528	82.13585812
81.87054756	82.63588357
82.58485762	83.18691888
82.87057992	83.23794222
82.56445375	81.73788473
81.27868546	80.15619367
79.69698676	79.51330612
79.59494395	80.03373659
80.66641734	81.98278811
81.5950214	81.81952099
81.99299423	81.83992601
80.87050304	81.50318385
81.89095183	82.50321859
82.83996873	82.29913333
82.55424481	82.98283093
83.14610746	83.13590094
83.51345997	83.2175372
82.88078827	84.12573586
83.78898824	84.63596112
84.69718459	84.29921088
84.2992096	84.82983848
84.49309693	84.7380024
86.07748924	85.65503156
85.57260725	85.55199564
85.7786808	86.13930983
86.28356236	87.20059467
86.70601954	86.70601954
86.44842597	86.08779592
86.04657932	86.7678384
86.24234503	85.05742051
85.72715902	86.78845098
86.80905497	86.47933512
86.19083026	86.21143363
86.35568796	87.07695426
87.07695442	87.52001547
87.34484474	87.08725111
86.9120887	87.34484497
87.5303145	88.03520318
88.04550161	86.55146162
87.42727664	87.29333105
87.02543089	87.13877312
87.14907911	87.19029512
87.2005944	86.53085713
86.55146174	86.78845098
86.5617658	86.20113678
86.44842635	86.78845098
86.49993799	86.14961477
86.65449561	86.45873063
86.56176592	87.4272764
87.27271864	87.71577968
87.16968198	86.86057478
87.0872536	86.39690369
87.11816922	87.0357372
87.37576249	87.97337353
87.73639462	87.84973582
88.04550019	86.45873063
86.37629844	87.44788898
87.35515201	87.43758404
87.20059297	87.86003267
87.87033816	87.58183433
87.20059239	87.50970783
87.78790692	87.5509249
87.40667455	87.59214196
87.37576376	88.27218445
88.04549889	88.41643474
88.10732793	87.68487025
87.87033946	86.44842569
86.39690198	86.45873063
86.60298316	86.47933512
86.541154	87.58183433
87.32424037	88.12793146
87.87033953	87.90124974
87.88064562	87.54061996
87.53031391	88.71524566
88.85949798	89.51893665
89.48802447	90.10624815
90.00321343	90.32263572
90.16807685	91.18814557
91.13662372	90.98207372
90.98207552	91.38392056
91.20874991	91.37361292
91.27057718	90.87902971
91.03358691	91.71363821
92.30095041	91.84758356
92.21851934	92.69249162
92.52597091	90.86071371
91.27702197	91.27702197
91.58926119	90.77744936
91.48518519	92.15128684
91.65170744	91.81823753
92.1096555	92.35944231
92.13046767	92.83820288
92.54678166	92.58841522
92.15128837	92.31781014
92.3386313	91.94312597
92.19292147	92.2969981
92.60923596	92.9630994
92.42189578	92.35944231
92.35944419	93.00473427
91.92231519	91.42273323
91.4435517	90.69418501
90.75662742	91.54762975
91.79741434	91.21457775
91.06886812	90.92315793
90.65255214	90.73581719
90.92315648	90.19460971
90.61092013	91.92231392
92.40107519	92.31781014
92.6508618	93.08799861
93.50430469	94.19122831
94.19122914	94.56591248
94.44101745	93.96225539
94.27449349	94.5242803
93.67083575	94.77406796
94.77406824	93.69164761
93.25451858	92.00557827
92.63004805	93.65002352
93.12962977	93.62920339
93.67083563	92.33863027
92.33863244	91.00642497
91.31865614	91.40192119
91.17294558	91.17294558
90.86071487	90.79826141
90.79826061	91.31865414
91.08967955	92.33863027
91.79741695	92.67168227
92.90065532	93.23370718
93.50430585	93.89981118
92.85902434	94.02469961
95.21120453	95.00304087
95.02386432	96.27280465
96.27280298	95.64833282
95.58588004	95.689965
96.16872775	95.60670065
96.02301714	96.23117247
96.79319618	98.06295847
97.75071893	98.74987451
98.22948036	98.52090699
98.52090797	97.35522229
97.87561499	96.98053812
96.16872547	96.60585395
96.08546411	95.44017195
94.91977774	96.29361669
95.81485325	96.58504191
96.16872792	96.70993304
96.50178001	96.73075317
96.27280371	96.46014538
96.02301852	96.31443682
96.27239052	97.9329863
97.55462368	97.57563965
97.05013418	97.36544098
96.83993708	97.74380452
97.38646695	96.37749022
96.7978934	96.92401864
96.77687765	97.11320041
96.58769832	96.4405571
96.69279668	96.60871389
96.29341397	96.33545642
96.18830795	96.54565509
96.29341669	96.88197944
95.85198462	95.01118401
95.66280563	95.68383001
96.18830824	97.34442408
97.36544242	98.37440864
98.5215487	98.16420996
97.99604338	98.08012618
97.95400257	98.73175528
98.31134796	98.50053161
98.58461556	98.71073029
98.39543195	98.77379717
98.08012901	97.65972344
97.55462162	96.31443143
95.93606763	95.20036578
95.47362306	95.0532259
95.221381	94.02323325
94.12833275	95.20036578
94.9060858	94.96914212
94.96914152	94.71690155
94.80097519	93.53976902
94.27547211	94.35955491
94.67485984	96.12524966
95.11628252	94.52771978
94.44363898	95.24240767
95.13729908	94.77996034
94.90608679	95.0532259
95.07424366	95.83096989
96.12525275	96.20933344
95.76790894	95.70484422
95.49464678	96.06219356
96.58769859	97.47054166
97.44952463	98.12216807
97.63870601	98.22726875
97.63870461	97.53360585
97.32340018	98.56359041
98.12216978	98.03808698
97.84890452	98.56359041
98.50053302	97.61768154
98.05911354	98.64767419
98.64767243	98.41645053
98.5635914	98.64767419
98.37440835	98.92093705
98.31134984	98.31134984
98.26930941	97.44952476
97.42849678	96.14627464
95.74688586	95.01118401
95.74688445	96.12524966
95.95709301	97.11320041
96.90299349	98.35339173
97.84890393	98.05911197
98.0591115	98.96297894
98.47485038	98.83563759
98.75074254	98.32628837
98.89930223	99.28131884
99.11153882	98.6234092
98.15650108	98.17771986
97.94427488	96.98923654
97.20146118	97.32880359
97.39247116	97.13779695
97.05290317	97.20146224
96.98923522	96.64966679
95.92808474	95.07915941
95.29139589	95.0367132
95.24894633	95.37628025
94.73959228	94.01800935
94.27268157	92.65973576
92.34138604	93.33887256
93.91189374	92.8507424
93.44498733	93.99679029
94.01801005	93.14786592
92.95685896	93.42376769
93.59354717	93.59354717
94.27268195	93.40253784
93.16909405	93.72088852
94.12412225	94.0392365
94.56981149	94.65469723
95.18527305	95.14283548
95.71584769	94.8244848
95.39750842	95.46117538
95.29139712	96.60722057
96.33131766	95.73707714
95.54606772	94.8244848
94.37880219	93.97556044
94.73958964	94.930599
95.0791597	95.35506118
95.35506083	93.86944894
94.23024538	94.20901599
93.95434162	94.16656977
94.90938006	95.14283548
94.76081861	94.67592439
93.99678851	95.22771983
94.7820396	94.84570656
95.20650224	95.58851673
95.14283448	96.22520461
96.14031112	96.26765352
96.77700075	97.56225913
97.2439116	97.30757643
97.49858243	96.54355259
96.37376496	97.05290182
96.20398673	96.31009974
96.33131755	96.90434141
96.56477304	96.22520461
96.56477324	95.77952336
95.77952483	97.30757643
96.69211392	97.92304525
98.11405378	99.00542516
98.36872634	98.58096298
98.6870764	98.83563759
98.68707567	98.79318868
98.68707461	98.92053003
98.38995513	98.77196961
99.1752066	99.13275842
98.79318852	99.00542516
98.81441598	98.30506121
98.51937125	99.20517064
99.07658276	98.96942661
98.19790018	98.11217311
98.02645486	98.36935455
98.51937275	98.2836292
98.58366225	98.39078117
98.21933886	98.77654659
98.77654496	98.58366388
98.13361091	98.41221049
98.24076509	98.51937324
98.90513651	99.86953334
99.82668078	99.50520802
100.4696152	99.95526139
99.48377222	100.1052801
100.1052782	100.8982402
100.8553764	100.8768055
100.7267869	99.86953334
99.76237866	100.1910054
100.1910062	99.44091738
99.97669814	100.019552
100.1910071	100.5339068
99.65522523	97.74784779
97.7478466	96.39767691
96.65484731	96.67628497
96.76201239	95.79760485
95.69045142	95.75474083
95.90475948	96.76201301
97.04061464	96.80486895
96.80486804	97.10491171
98.02645553	98.04788247
98.15503902	98.17647454
98.19790016	98.54079986
97.06204804	96.61199432
97.0406127	96.05477821
96.07621201	96.14050355
96.22623295	95.58328744
95.86189836	96.11906885
96.26908723	95.7118795
95.51899851	95.43327144
95.09037072	94.61889006
94.55459029	94.3188446
94.29741803	93.44016448
93.8045001	93.56875655
93.89022688	94.16882861
94.08310841	93.82592721
93.82592984	93.67591122
93.48302986	92.69007644
92.88295433	92.02570296
92.02570419	91.9399857
92.47576715	91.61851361
91.83282262	91.70424166
91.93998653	91.48992424
91.76853342	92.54005775
92.90438393	93.69734592
93.84736207	93.71877254
93.71877475	93.86879123
94.25455497	93.48302851
93.84736396	93.74020995
93.76163694	92.88295645
93.01154692	91.96141232
92.43290324	92.30431371
92.15429603	91.81139632
91.63994018	92.92582047
92.96868527	92.36860436
92.49870251	93.30096288
93.32265161	93.45274174
93.77798749	93.04077325
93.3876985	93.99481178
93.99481098	93.9080864
93.79966446	93.30096288
93.36601721	93.12750672
93.01909428	92.58543668
92.21682502	92.49870321
92.54207108	92.45533783
92.65048207	92.65048207
93.19255206	94.71034607
94.71034781	94.08154525
94.05986498	93.2359175
92.69385024	91.63139007
91.52297676	91.47961122
91.52297697	91.56634469
92.36860198	91.06764003
91.1977411	90.89417579
91.26278705	90.20032689
90.091914	91.28446428
91.39288681	91.28446428
92.08673426	91.1760535
91.37119737	90.87249579
90.95922813	90.98090656
91.06764094	91.56634469
92.28187801	91.65307546
91.93495724	91.26278697
91.39288741	90.8074504
90.85081698	90.82912771
90.82912738	91.06764003
91.39288773	91.1760535
91.28446519	91.1760535
91.28446406	90.13528151
90.74239289	92.02167856
92.23851083	91.5012966
91.82653502	91.63139007
92.17345762	94.05986525
94.103234	93.62620868
93.40938298	93.66957407
93.69125483	93.62620868
94.16827714	95.36082958
95.40419535	94.84044762
94.86212541	94.58024721
94.92717225	95.5776619
95.94626582	95.42587496
95.72943909	95.90289692
96.27151145	96.40160157
96.24982272	96.24982272
96.42328642	96.57506582
96.74852477	98.22295324
98.11454299	98.56987904
98.24464055	98.91680214
98.83007827	98.11454247
98.4397884	97.50742704
97.57247247	98.30968671
99.67570502	98.78671137
98.87343593	99.39382679
99.50223809	99.95757413
99.76242767	101.2802238
101.5837799	101.8873474
101.9307071	100.9549888
101.2585449	101.4320027
101.8922654	100.5772372
100.8183275	100.5553254
100.5553244	101.10325
100.6649094	101.7607608
101.826508	101.497757
101.3662528	100.5114909
100.467655	100.3361506
100.3361489	100.5991598
100.7744915	100.2484872
99.98547786	101.9141785
102.1771796	102.5278521
102.3525217	102.3086854
102.9004476	102.9442816
102.308685	101.9799274
102.4182703	102.3305999
102.7251083	102.2210166
102.527854	102.8346902
103.010029	102.8785246
102.0895206	102.0456844
102.4840182	101.4100882
101.5854181	101.2347479
100.8621614	101.1470871
102.8346897	103.1853709
103.0100296	102.0895188
102.089521	102.2210166
102.5716856	102.0675962
102.396356	102.1333451
101.6950124	101.2785823
100.9498315	101.037493
101.3005046	100.379985
100.4457427	100.379985
99.50331099	99.30605555
99.32797069	99.19646414
100.5553248	98.9334604
98.62662368	96.85134226
95.33907089	96.34725198
96.61026123	96.96093367
96.76368137	97.81569651
98.62662419	98.4074583
98.40745773	98.18828088
98.0786982	97.48693846
97.8595306	96.93901107
96.6540863	96.32533747
96.32533828	95.20756549
94.90072685	94.44047146
95.11990542	95.05414776
95.55823543	95.3171569
95.44865363	95.71165578
95.88699582	96.06233642
95.93082944	96.25958047
95.77741278	95.77741278
96.2595803	96.78559335
96.58833874	97.22393472
97.28968351	97.94719434
98.14444756	97.88144542
97.99102863	97.64035619
97.42119033	98.80196526
99.04304419	99.43755068
98.49512025	100.2046528
100.4676536	100.774492
100.3142365	100.4895684
100.4895696	101.0435364
100.2679843	100.046402
99.8912917	100.1350304
99.93560243	100.17935
99.91344862	101.087856
100.6446797	101.2872834
101.26513	100.9327455
100.8219519	101.8190943
101.8412492	101.7969318
101.9298866	102.5060077
102.0406766	102.8162368
102.9935027	103.613941
104.0792786	103.9241701
103.5031487	103.9241701
103.5917852	103.1929291
102.816236	104.1235975
103.8576887	103.4809957
103.6582594	103.9241701
103.6804233	103.7468971
103.3037225	102.0628413
102.3065807	101.8634139
101.4867092	101.0656989
101.3316036	100.9105911
101.5975024	101.2208094
101.4202367	102.5724898
102.3952174	103.1486122
102.6611273	102.3730623
102.838392	101.3537655
101.7083046	101.2208094
101.3759205	100.954908
101.0878547	101.3094459
101.3316003	101.3316003
101.8190947	100.777635
100.7111609	101.8412487
101.6418227	102.0406788
103.2594025	102.5503273
102.7054349	103.857688
103.8133673	104.3008625
104.1900714	104.345182
104.3673357	105.7190168
105.4531151	108.6661246
108.4223778	110.6160818
110.4388179	108.9763456
109.1536093	109.5967849
109.1757732	109.242247
109.7962105	110.6603987
110.7933544	111.8348141
111.2365298	111.0371018
111.0371018	111.2143667
110.8598279	111.1700471
111.4581123	110.1064334
110.1064329	109.0206625
108.5774877	109.7962123
109.9513251	109.9956425
109.2422453	107.6025081
107.801939	106.6275228
107.1371712	106.9599063
106.9599069	106.9377438
108.0235207	106.8712698
106.8047946	107.4252351
108.0235219	108.3780607
108.9098728	109.41952
108.9763431	107.9127291
108.2485505	108.3605021
108.3605024	109.0321562
110.1963612	110.2859086
110.1515821	109.1217118
109.2560376	108.6515473
108.584385	109.3679791
108.9426008	109.7709743
109.3679782	109.2336537
109.2560362	108.3828856
107.8007906	105.3828246
105.1813269	104.4201146
104.9126676	107.2634613
106.7933034	106.1664178
107.3082379	105.5395416
105.2484875	105.4052162
105.2932671	105.9201505
105.9201513	106.4350875
106.1216502	106.1440343
106.0096974	106.2559735
106.2559754	105.8977589
106.1216496	106.6813629
106.8156898	108.808267
109.2560395	107.68884
107.890338	109.2784316
108.5843835	109.412757
109.4127571	109.8381437
109.4799293	109.2560372
109.9724726	110.0172497
109.6366455	110.0396413
110.1068034	108.7411029
108.7411017	107.4201783
107.4649578	108.1590045
107.7112331	107.957507
107.823173	108.4500497
109.6590325	111.8307224
111.5620619	111.1590683
111.6068313	112.256101
112.2784971	113.218811
113.2412029	113.7561369
113.3531427	114.1591321
114.8307888	114.2262961
114.5397333	115.6591599
115.6143805	115.3681067
114.9427268	115.3681067
115.6591602	116.330814
116.1293185	116.3532083
117.5397978	117.1368042
116.8681433	116.7785869
117.2039666	116.5547058
116.9800846	115.390501
114.8755662	115.3457231
114.9203418	115.0770615
115.5248259	114.4725715
115.9725954	116.7562007
117.4950195	117.0920237
116.5770916	116.7338091
116.9353068	117.5174131
117.2263601	117.450241
117.4726333	117.5397967
117.5174131	117.5174131
117.5174148	117.5621829
116.8457496	116.7114229
116.6890286	116.8457483
117.0248609	117.0696402
117.3638454	117.001751
117.2733189	116.4812397
117.2959548	116.911225
116.8206992	117.1149032
116.5491308	116.8885988
116.8659616	116.5717576
116.3228261	116.911225
115.6438902	115.8249419
116.0738841	117.001751
117.0017503	117.4543705
116.7754355	117.5222597
117.6806738	116.4359766
116.3001873	117.1827923
117.4091077	117.7485667
118.0880324	118.7895948
119.1064232	118.2238204
118.3369754	118.6538057
119.3101026	119.8758751
119.8758737	121.0300473
120.6226884	120.4869098
120.6905908	121.1205733
121.2563609	121.2337255
121.1431996	121.3468777
121.3695136	123.1347214
122.8631538	124.0625892
123.4741886	123.3836627
122.9989327	122.7500019
122.3879089	123.3610285
123.4515522	123.632604
122.7047386	122.2973824
122.9989322	122.7952541
122.6594759	123.0894584
122.8857817	121.5505586
120.6679544	121.4826668
122.0258041	121.776871
121.5731929	120.5321647
120.6905884	121.3468777
120.5774273	121.4374037
120.9847855	120.9168951
121.1658372	122.2068563
122.1842302	122.6142128
122.2747449	121.5279298
121.3016154	122.0258042
122.5010599	121.912652
122.5463237	121.2563624
120.7584799	121.1884625
121.1884636	120.9168951
121.4826666	122.6821019
122.7047391	123.1573503
123.1120943	123.5873409
123.3836639	123.3610285
123.3610291	123.9494371
123.4968158	123.2478736
123.4515515	124.0852235
123.9494327	123.2931366
123.8589089	124.2436387
124.1304784	124.1304784
124.1304751	124.2436387
124.560471	123.8362822
123.7457562	123.632604
123.0441971	123.4741888
123.4741886	122.0258042
122.025805	122.817891
123.618229	123.5267593
123.5267592	123.138018
123.0922938	122.337683
120.0509962	120.3940036
120.4168673	120.7141387
120.6226684	120.485465
120.325396	120.0281338
119.5936576	118.130181
118.5875214	120.1653299
119.9366666	120.737002
121.6516787	121.400141
121.4230039	121.5830719
121.6974121	121.9260784
122.269085	122.6349548
122.1547431	122.5206219
122.7950225	122.7035528
123.2294891	122.3605463
122.6578176	121.9946764
122.1090189	122.7950223
123.2066276	122.9550899
123.0236855	122.6806895
122.6806911	122.0861459
122.1090178	121.9489498
121.9489522	122.7264162
122.5434829	121.7431475
122.2462124	122.2233502
122.566347	122.337683
121.7888734	122.5206219
122.3376833	121.7888742
121.7431489	122.0632826
122.2462125	122.2004787
122.3376818	121.9260784
122.22335	121.8574803
122.2462138	122.5434853
122.6578158	122.6806895
121.7660104	121.9260784
122.2690831	121.651678
121.6516777	119.8223315
120.0967318	118.999125
118.884792	117.6728417
117.8100441	119.1820532
118.9076538	120.2339361
120.6455321	120.8284715
120.8056076	120.5998059
120.5998073	120.919941
120.6684019	121.6745413
121.9946741	122.0175479
121.9946744	121.9260784
121.9260797	121.171478
121.6516806	121.2858109
121.4001416	122.8636204
122.9322163	123.5953574
123.6639649	123.138018
122.6578163	123.5953574
123.183754	123.5953574
122.9093526	123.2752223
123.1380183	122.7950223
121.8346097	120.8742063
121.4001421	120.7141387
119.3649948	116.1636303
117.6202978	117.5278178
116.1867547	116.4873396
115.8399231	115.6318274
114.6838367	114.776326
115.8399215	117.7821501
117.9902472	116.9728929
117.6434267	117.3890852
118.2677147	117.8052776
117.8052768	118.1289788
118.1058628	114.3601337
114.498867	115.0769106
114.7532087	115.8399236
116.2329974	114.7300818
115.1462728	116.4642121
116.4642121	117.3659577
117.4122033	119.909356
120.1868169	119.4006753
119.5394068	119.5162804
119.5394083	119.2157039
119.2157054	119.8631119
118.9382396	117.3890852
117.9671271	118.3601944
118.3139511	117.9671296
118.3833212	116.6029447
116.9960092	117.5971814
117.782151	117.6665423
117.2965976	117.5740539
117.6896707	117.5971814
117.7821497	118.0827347
118.0827383	116.7879161
116.8110401	116.256116
116.6260657	116.5798199
117.4584456	118.4526828
118.6145348	118.6145348
118.915117	119.816865
118.7070241	117.7127892
118.6145344	118.0133738
118.0133754	116.7879161
117.1116286	117.0422565
117.5509349	118.4526828
117.9208839	117.2734774
117.2734788	117.3890852
117.7590304	117.6896698
117.9208856	117.7590334
117.9671284	117.9440021
118.4295634	118.4526828
119.076971	118.4758103
119.0307269	118.8919919
118.5682906	118.8457585
118.6607786	118.9613636
118.9613654	116.9497762
117.5046926	117.8052776
117.9902455	117.4122019
117.8977657	117.7821501
118.7070231	118.1983424
118.2677157	118.2214699
118.6607799	118.5682906
118.6145327	118.4526828
118.4064385	119.0769713
119.5394105	118.7301426
119.5394083	118.0364905
118.3833219	118.3833219
118.4526837	118.3601944
118.4069614	118.7809988
119.1316542	118.5472171
118.6407288	118.7108589
118.7108606	118.8745007
118.7108591	118.4303316
118.0562915	117.658879
117.5887398	116.3964928
116.7003946	117.4952291
117.1211887	117.0043037
116.5367522	116.0925847
116.8874163	117.7290081
117.7290108	117.0744436
117.2848316	117.0744436
116.9107902	116.6770201
117.2848304	118.1731771
118.523843	116.8406619
116.9341733	116.6302637
116.5133795	114.4327858
114.9704657	114.1990041
114.9003376	114.0821186
114.0587456	114.9938403
115.0873515	114.7600667
115.0873535	114.2925168
114.9003359	115.2977484
115.6951723	115.8354302
114.6431816	115.4146339
115.2743731	114.9003357
114.549672	114.1055022
113.614564	113.0535115
113.0768881	113.4041705
113.6145655	115.7886738
115.8354298	115.7185447
115.3445048	115.999072
116.2562282	116.4198683
115.3912611	115.3912611
115.8821875	115.180863
115.1574799	112.936626
113.2872837	112.5625887
112.0482781	110.2248391
110.9261629	112.0482798
110.669006	110.4118537
111.1365596	110.83265
111.97815	111.510598
112.2352943	110.8560227
110.5754946	111.3469562
111.6742402	111.6976153
111.3937158	109.8741746
110.5521228	112.5859615
112.3054333	113.7782078
113.7782069	116.1860947
112.9132455	113.0301306
111.6274846	113.5911932
115.2276186	113.3807951
113.6145647	111.884638
111.978151	112.7496033
112.3521911	116.5367537
121.1421218	121.0018522
121.2356329	120.0433742
119.2251665	119.9264887
121.0486061	120.7447058
121.6330448	121.1655021
121.2823889	121.2590067
121.0252329	118.921257
118.6641032	116.0925847
116.9107907	118.1731771
117.2147012	117.3783436
119.9732469	118.477088
118.3368193	119.4121905
118.9860458	118.2521556
118.4888936	117.8733716
116.4055715	116.0504646
116.5002692	115.9084165
116.5476188	117.0684514
116.8790552	116.9264034
117.3288658	118.0390889
117.5656042	118.2521556
117.9917416	117.2104914
117.6603043	121.2350894
121.8032731	120.9036547
120.9510034	120.2407826
121.4008082	121.3061188
121.3061188	119.7672972
118.6072621	118.8913584
119.1044251	119.3411638
119.5779022	119.7909692
119.9330165	119.0097264
118.4652236	119.8856652
120.7379357	122.4424737
121.8032737	122.9396284
123.2000438	124.052314
124.407419	124.7862047
124.6441676	124.1233326
124.6204863	124.45477
123.5788309	123.8155672
124.2890528	124.0996552
124.2417014	123.2710631
123.105347	121.7322442
120.7379351	118.8440091
120.0750629	118.441545
114.6773645	115.6480005
115.1271748	112.6177173
112.3336313	113.1148721
114.3459255	113.1148721
112.8071152	112.4046506
111.9785139	111.2682931
113.5173347	113.7067228
114.3932744	113.5883548
113.4699855	113.6120349
114.3459245	114.2985763
110.6764419	108.2143326
108.9482309	106.7938897
103.9293254	105.2313988
105.326099	107.8592259
106.5334745	102.5325531
102.6272394	102.9823557
102.6272399	104.1187133
103.1007244	104.1187133
105.3497682	109.5400848
110.8895076	108.261682
108.0486133	104.35546
104.8526133	105.0420014
104.3554601	101.3725182
101.3251674	101.2541475
100.3545305	99.76267788
100.7806635	102.1537663
102.3668358	99.14715515
100.5202465	101.6566035
103.4558413	106.1783562
106.0599873	105.6575322
109.2323195	109.2086502
109.4927371	107.6461592
106.533473	105.8469215
106.9037052	108.6329994
108.5369267	110.3863056
110.4823817	108.969251
109.2814875	112.0195268
111.7313114	107.2399672
107.9364811	104.3097792
102.9647729	103.3970952
101.8839643	101.2595034
100.8992287	100.1546807
101.2114655	99.67432171
100.106644	99.89048286
100.5149437	99.45816056
100.4188785	100.6830683
100.226733	101.5477156
101.0673655	101.5957523
100.8752178	99.57824829
100.1546828	98.71360101
98.25726726	99.09788929
99.74637461	97.41664222
97.58476619	96.79217039
96.0716354	95.71136197
96.1917219	95.83146048
96.50395611	92.25278632
92.18073547	93.04538258
92.22877615	94.39038078
94.65457989	92.46895016
93.093411	94.19824203
93.18948466	90.97984184
90.49948038	92.92528676
94.07814308	88.65010054
89.466711	86.39242105
79.54731277	89.80295999
88.45796339	97.44065653
97.27253019	95.83146048
96.35984682	94.82270307
94.70261496	98.95378725
100.0586087	100.7311077
100.4909309	101.3795912
100.3468195	106.0390711
105.9670107	108.1526404
107.4801427	105.7508508
103.3250432	101.7638768
102.5804847	101.6678114
101.2835176	104.1656691
103.8054042	101.2595034
102.7726356	101.2114667
101.8599509	102.8446852
103.4211178	104.0696037
104.2377277	101.4516503
100.875217	102.556473
103.7093321	102.4844139
101.3555775	103.2049565
103.3490597	101.3795912
101.5957519	102.3162868
101.5236999	103.1328974
102.580487	102.6045097
101.7158389	102.9887953
102.292275	99.48217487
98.52146243	95.44717489
95.44717633	94.10216861
93.09340969	93.14144791
94.38692105	91.7006108
90.23535927	89.1852566
88.01305264	89.72252054
90.67493677	86.23032647
90.11325652	92.11577078
91.18777177	90.43072034
88.79452422	90.69935231
91.52966543	87.15831558
83.91033604	87.8176808
90.52840951	95.0707036
95.92543292	94.16713043
94.87532946	102.2260384
101.9574049	103.6668728
101.7132008	100.0525747
98.24542368	97.2930072
97.70815876	94.36249301
94.70438525	92.97050127
93.16587266	92.57976533
95.87658584	99.78394277
99.85720215	98.41636697
96.92669	98.5873136
98.22100424	96.24290603
97.3174232	96.46269534
95.6812242	93.72755182
94.33807592	92.628608
92.65302476	92.04250139
90.77261009	90.21093103
88.89220836	86.88969169
88.18399881	86.88969169
88.89220969	90.30861906
89.64925223	91.50524822
93.94734201	94.16713043
92.28671563	91.84713881
91.87155729	90.35746173
90.84588024	90.01556845
90.38187711	92.48208
93.45892079	93.53218116
93.7275544	93.23913324
92.97050126	92.45766405
92.82397151	91.67619486
91.96924393	96.19406337
97.92794489	97.17090322
96.21849161	95.16838893
94.41133503	95.82775415
95.92543193	92.79955463
93.31239265	91.16335764
90.87029626	89.50273123
89.91788329	91.43197883
91.4808205	89.4050459
89.72252217	89.86904045
90.06441193	89.64925115
89.82019751	88.33051801
88.45263263	88.15957407
87.5246336	86.42568905
86.45011725	84.56970276
84.86274988	84.81390801
84.44759936	82.86023368
83.08002305	83.44633221
84.105699	82.71370568
82.49391906	84.49643337
84.9848526	83.05559626
82.64044532	82.00550588
82.54275891	81.34613797
80.44976343	79.65298213
80.02646971	79.65298213
78.80640379	75.94297996
76.64016321	73.72694072
73.07955724	73.75184186
74.82251013	71.83459198
72.33257196	73.30365109
74.15023036	74.15023036
73.87633493	75.49479188
76.49076293	72.80566344
71.83458951	70.63942379
70.86351426	70.06673543
68.00008975	67.47720614
67.67639977	64.43948338
64.66357868	66.28204064
66.95431598	66.25713951
64.43948529	61.77525608
62.2483444	61.22747155
61.60096186	59.43472196
58.0403563	59.28532324
59.88290608	56.12311098
56.64599349	55.77451667
56.2974055	53.60827701
53.68296995	58.61304382
58.73753862	54.9279374
53.83236927	55.67492021
53.06048727	53.95686593
56.77048779	50.17216575
48.67820402	46.11357465
48.4292145	56.44679877
59.63391718	65.9832459
68.37357979	68.4482803
75.4698918	71.1125076
69.34465816	80.54935558
79.80237453	83.26338245
83.83606578	76.29156888
76.19197522	73.65224271
73.05465758	69.86753983
70.11653664	80.22567048
83.11399271	83.68667748
81.4955326	81.91882632
82.66580305	82.98949693
81.17183652	81.22163769
82.86499455	83.61198216
82.21761228	83.28828628
81.57022806	78.48271507
77.11324801	80.3003658
80.1260688	83.11399182
82.06821715	77.51163821
75.8931806	71.85949042
72.0586875	75.14620296
75.94298105	76.4409703
76.4658662	72.95505947
72.10847861	69.91733941
70.46512428	72.93016372
71.33660184	72.30767849
74.64821598	75.22089827
74.5486203	72.1084802
72.33257444	72.25787892
72.63136895	73.82653718
75.17110554	78.25862103
77.16304907	77.53653665
81.4955324	81.24654152
81.80527971	83.71009069
82.74499569	77.71628952
76.39561683	81.85607482
89.55150762	88.20544628
87.11335331	82.59260444
83.73549294	82.28783914
78.63059661	83.96407256
81.9830606	85.6911002
71.69708612	67.43030694
63.56989425	75.04955
72.68758799	69.08114594
71.41771517	77.66549261
97.88188893	95.18975355
91.35473656	86.73239782
87.36733628	84.57360586
85.76728783	83.98946428
86.52921236	87.29113421
85.74188556	93.20875213
93.20875444	76.82737725
82.28783935	88.891179
87.79908725	96.84059256
96.10406345	92.37063138
96.15485825	87.57050779
80.71319398	81.8306831
75.30352955	60.36981104
51.68387283	56.12843192
59.25232212	49.85525178
49.27110976	53.00454175
60.39520988	57.88085936
67.12553808	67.37951542
64.50959837	60.49679658
61.9952481	61.58888842
59.78566965	59.02374272
60.75077141	61.96985044
60.82696872	60.8777586
59.53169482	57.55068887
57.34750987	58.41420403
52.0394355	53.51248931
53.00454087	52.14102659
54.0712393	58.46500095
58.41420229	56.6871737
59.20152086	57.85545956
56.76336752	61.38570886
60.8777561	59.96345191
61.03014694	62.30002094
61.23332754	55.23951965
54.90935361	51.09973166
51.9124506	52.03943546
53.46169148	49.47428976
48.63617274	47.46789123
46.60437494	43.1757152
43.58207656	43.42969168
42.76935549	41.70266135
41.16931212	38.17241205
38.52797622	38.57877118
37.6136679	33.1691089
32.53417173	28.57216487
30.68015561	29.13090934
31.97542713	37.0549231
38.68036211	37.58827047
36.36919222	39.18831256
39.18831175	41.27090511
39.59467099	32.63576153
34.18500796	36.49617863
35.5870225	39.09377289
38.28851959	37.24948242
36.10653871	39.58731294
42.0550313	46.34105695
45.19811453	44.02920037
44.86042774	43.35382651
42.41868968	38.73010797
36.65203512	38.78206126
39.09377024	36.6520331
36.83386791	39.22365341
38.49632544	37.97680687
38.57425461	36.26239693
36.54813148	35.84678141
36.10654025	35.14543091
34.88567249	33.11930932
33.1193085	35.14543091
35.48311657	34.70383875
35.24933277	33.61284938
34.00249088	34.39212981
34.00248905	36.57410586
36.1584927	37.22350578
37.35338464	36.31434752
37.06764933	37.09362526
36.65203412	35.61299701
35.89873356	35.17140755
35.5350689	33.7427299
33.40504456	29.69048673
29.06706252	27.66436245
26.20971064	26.49544584
25.19664964	21.61197165
23.35235784	18.65071516
16.8324026	13.24772427
14.39066479	17.35192072
16.54666781	14.83225639
13.94907247	16.20897806
16.78045023	15.58555749
16.36483601	16.88435462
19.84560941	19.19621119
18.07924577	17.61167907
17.87143748	17.09215968
16.10507607	15.58555749
16.00117376	13.76724366
14.20883183	12.20868549
11.84502435	12.57235041
14.00102449	15.92324307
17.06618438	17.89741406
17.79350927	14.44261483
15.06603853	15.7673886
14.8582303	15.24786921
14.75432667	14.46859147
13.16979566	12.72820488
13.40357976	11.8709999
10.54622764	10.20854054
9.377308971	9.844875623
11.14367246	10.15658726
10.46830024	12.28661542
12.49442127	13.40357874
14.57249619	13.81919425
11.03976894	10.26049114
9.377310944	9.429262805
10.26049121	9.481213397
8.80398398	9.350977068
8.856077907	8.256990284
8.569559504	8.178850104
8.387226549	9.767732782
11.33057093	12.47665167
13.80506365	12.84131393
12.81526614	15.237664
16.27955812	15.00324077
16.20141401	16.09722485
15.81070499	16.33165079
16.56607807	19.9782734
21.9578661	18.05077249
18.15496312	16.12327428
19.19685276	20.31688624
19.06661664	18.80614374
20.23874461	20.05641358
20.52526623	19.74384746
18.75405045	19.11871255
17.4516843	15.70651587
16.56607767	17.7642531
16.80050374	18.3633413
20.44712182	18.85823719
18.46752909	19.79594092
18.85823979	19.48337481
18.80614393	19.170806
19.50942157	18.38938802
21.22854237	24.87516315
24.48445428	28.70411554
29.1208707	26.28171605
25.21377634	27.19337035
28.36550147	26.93290039
27.81850709	27.61012876
25.39610911	20.8899277
18.7800982	22.81742861
21.95786657	21.51506262
22.37462132	22.97370897
23.59884702	23.70303619
22.55695474	23.23418432
20.94202036	21.22854054
22.06205627	22.6090494
23.75512958	23.26023105
22.89556847	22.66114286
23.15604105	27.0370873
26.75056808	28.23526368
31.07441655	33.05401056
38.41975481	35.18989067
37.06529613	36.90901238
35.42431329	33.70519221
34.46056705	31.93397975
31.07441971	28.67806882
28.18316951	29.45948679
29.53762698	27.79245854
30.08461967	30.55347088
31.12651133	29.30320104
30.94418026	29.92833596
29.82414862	29.71995945
30.21485551	28.83434918
28.39154493	28.59992325
29.48553236	28.41759346
28.41759567	29.43344007
29.9283376	29.35529719
29.71995997	29.19901413
29.14691904	29.71995945
29.64174912	29.22462688
29.64174841	30.94525538
31.90984966	30.91918439
30.68455391	31.44058795
31.64914906	31.44058795
31.59700738	31.23202545
31.80557141	33.81297223
34.67328565	35.76823151
35.50752943	34.75149539
34.93398393	33.18728473
32.7440964	32.06627275
32.32697112	33.63047802
34.15188364	34.46472532
33.57833712	31.1277442
31.57093689	31.88377854
32.45732369	32.19662229
31.51879866	32.19662229
32.17055102	33.2394267
33.34370683	34.38651237
34.56900419	34.41258335
34.5950751	34.02153203
33.34370873	32.95265664
32.50946318	31.67521874
31.67521874	31.67521874
31.7795	30.86704511
31.54486897	31.20595715
30.94525622	30.97132636
32.24876028	33.86510881
34.43865317	33.65654901
34.49079355	34.98612618
34.41258351	34.33437309
34.54293475	33.60440973
33.4479877	31.90984953
32.01412853	31.77949729
31.17988482	31.88377854
32.19662146	33.08300618
32.92658627	32.61374459
32.74409586	34.12581328
33.76083093	34.77756638
34.51686671	35.24683066
36.15928322	36.41998461
36.75889582	38.55773541
39.73089075	39.93945186
39.60054286	40.77369916
41.7904347	43.43285082
44.94491967	43.53713477
44.26709651	42.80716871
42.52039502	43.48499279
43.53713547	41.32117101
40.4869279	41.52973351
43.43285265	44.3192374
44.26709769	45.33597083
43.12001398	43.17214904
43.74569388	44.05853293
43.27643221	43.66748431
44.03246423	44.68421773
45.51845965	45.51845965
46.43091609	45.23169227
45.77916144	46.27449669
46.30056761	46.37878063
46.2744976	46.71768998
47.18694946	46.87410781
45.8052341	45.85737438
46.1441498	42.91144727
42.1288708	42.44190266
43.27665366	43.92880336
44.52878072	44.58095269
45.5461315	44.39835066
44.3983504	44.45052498
44.24183123	44.92006689
44.97224182	44.26791756
43.51142628	44.32009188
44.32009279	43.79837564
44.05923022	44.99832837
45.15484085	45.93742568
46.25045439	45.98959191
45.36352959	44.99832837
46.12002498	45.93742568
46.32871338	45.65047771
45.78090333	44.29400472
44.21575064	43.30273848
43.58968156	44.92006689
45.31136307	44.76355472
45.0244134	44.13748985
44.24183142	42.28538239
41.47672121	42.62450469
43.48534205	44.2418331
44.89398217	44.34617904
44.55486751	45.25918918
45.83307855	45.20701487
45.20701592	45.65047771
46.04176773	47.03303786
46.79826497	46.45914191
47.94604304	48.4938514
47.8156149	47.21563719
44.76355565	45.02441553
45.05050058	44.76355472
44.92006661	44.3722635
44.32009222	43.06796483
43.17230735	43.09405199
43.43316964	42.31146955
42.15495451	40.17241952
40.25067795	40.30284993
40.25067757	39.15506613
39.6767841	41.03325535
40.95500006	38.03336949
38.73769162	38.16379989
37.17253337	38.60726273
39.59852933	38.34640192
38.89420684	39.46809856
38.9724662	39.25941207
39.88547653	41.13760399
41.3462901	41.81584048
42.33755858	42.85927834
42.67667872	41.89409387
41.94626725	41.68540738
42.15495574	41.3984621
41.24194794	41.13760399
41.42454775	42.65058915
42.36364399	41.94626819
41.81583934	41.97235265
42.46798829	42.49407428
42.28538307	41.99843981
42.28538164	41.6071486
39.96373175	40.35502155
40.6680548	41.34629048
41.84192461	41.47671819
41.29400062	40.85025977
42.41640613	41.13738834
41.13738821	42.49471581
42.41640745	41.47672089
41.03297857	40.22380405
40.32821451	40.17160008
40.66754522	39.70175627
39.98888396	40.7980585
40.90246812	40.7980585
40.32821208	39.64954961
40.01498353	39.88447151
39.85837054	38.78817198
39.17970765	39.23191246
39.70175469	39.88447151
40.09329269	40.01498548
40.35431448	39.64954961
39.7539621	39.80616691
39.96277965	39.91057485
39.93667763	39.46683437
39.25801588	39.3363231
39.38852967	39.31022246
39.78006227	40.95467041
41.08518404	42.28589724
42.3119957	42.78183899
43.53881032	44.19137043
44.32188208	43.79983661
44.34798485	44.19137043
43.64321568	42.70353438
42.8862485	43.38219677
43.40829359	43.90424186
43.43439789	42.44250915
41.92045598	42.59912105
42.33809671	43.04286423
42.96455402	40.38041866
39.83226642	38.89257992
39.57124173	39.10139849
38.99699366	38.55325277
38.39663428	39.64954961
40.19770063	40.11939342
40.43262349	39.62344897
39.83226892	40.24990739
40.32821513	40.7197512
40.64144288	40.53703326
40.06719035	38.50104611
38.7359667	39.15360516
38.99699095	37.79628039
38.29222785	37.77017975
37.87458906	38.29222753
38.29222651	38.1878169
37.77017789	37.71797309
38.26612478	39.571245
40.06718861	40.87636311
40.51093101	41.45061755
41.05908149	41.45061755
41.65943768	42.31199518
42.07707532	41.60722946
41.71164028	42.62522439
41.89435593	43.19947614
43.25168307	43.48660471
43.6954231	43.61711328
43.59101715	42.96455423
43.01678915	42.75561166
42.96455876	42.83396479
43.14738343	43.61751492
43.74810312	43.72198485
43.43468318	43.8786938
44.42717811	44.68836343
44.87118995	44.71448293
45.08013779	44.00928863
43.72198764	44.00928863
44.32270332	44.47941817
44.84507392	45.10625665
45.15849392	44.61000761
43.93093011	43.93093011
43.40856835	44.29658432
44.6100083	44.74059705
44.71448182	45.88980138
46.59499412	46.33381141
46.9606508	46.75170463
47.45689915	47.11736423
47.16959596	46.38605042
46.20322546	46.62111519
47.06512508	47.11736423
47.43078104	47.35242361
47.43077975	48.29268268
48.52774708	48.63222278
48.55386628	48.7105759
49.1545872	48.55386696
48.78892925	48.73669271
48.6061052	48.76281222
49.57247712	50.66944448
51.27016118	50.87838974
50.85227156	48.08373742
47.27407115	48.03149841
49.07623213	48.60610327
48.76281269	47.74420272
47.09124568	48.42327752
48.05761892	48.13597374
48.08373875	47.14347835
46.77782365	45.62861711
46.09874662	46.43828674
47.11736381	47.79643364
47.74420096	46.56887618
46.69946628	47.16959516
46.41216819	45.86368188
44.92342851	45.78533145
45.65473674	42.5205469
43.04291076	42.25936262
45.00178179	45.18460708
44.6100067	44.81895287
45.10625352	44.5838881
44.47941727	44.06152495
43.64362928	42.67725584
42.80784583	42.70337535
43.64362687	41.65864095
41.26687073	42.59890002
41.68476262	39.96095665
39.0729343	41.76311628
41.73699518	40.22213553
38.94234064	40.4572003
41.55417065	40.40496668
41.29298659	42.25936262
42.23324393	41.11015829
40.69226666	40.32661086
40.71863936	41.52883051
41.71177847	41.31975047
40.50955881	40.11753082
40.14366533	38.75849979
38.88917553	40.06525946
40.32661228	39.22893392
39.90844911	40.40501789
40.0652616	40.770912
41.03226298	40.2743422
40.66637001	41.2936148
41.03226079	41.47655915
41.71177623	41.34588346
41.50269465	41.34588346
41.8947265	41.26747912
41.24134464	40.71864065
40.77091195	40.32661355
39.90844959	39.2550696
39.88231468	40.30047788
40.50955893	39.83004375
39.22893162	38.07898293
38.2096601	37.55628014
37.42560625	36.64155026
36.85063131	36.17111613
36.92903667	36.74609027
36.90290033	38.44487704
38.88917453	38.83690413
38.83690535	39.49028532
39.38574393	39.75163671
40.45728759	40.95385636
40.77090997	40.95385636
40.92772121	40.22207084
38.23579545	36.53700754
36.51087071	35.5700036
34.91662591	35.98816907
36.48473702	34.91662512
35.41319481	35.700682
35.75295085	35.90976204
36.19725003	36.98130599
37.94830755	37.08584601
36.90290081	36.56314322
36.98130562	36.66768324
36.27565574	36.69381892
37.582416	37.73922719
37.5301462	37.4778758
37.53014438	37.08584601
36.82449665	36.64155026
36.35406288	36.48473888
36.74608846	36.35406049
35.98816774	35.62227496
35.28251782	34.47232667
34.10643573	34.13257093
34.26324431	34.57686669
34.31551548	34.47232667
35.04730201	34.52459802
34.6291387	34.8120851
34.70754612	34.02803091
33.92348831	33.63600112
34.1587051	33.63600112
33.32237848	33.0348913
32.82581066	33.08716265
33.29624321	32.59059285
32.85194491	33.0348913
32.7735374	32.19856306
32.22469959	32.56445717
33.06142651	34.55232945
34.39539157	34.73542206
35.31085714	35.31085714
34.99698471	34.55232945
34.68310837	34.97082646
35.52010666	35.31085714
35.57242162	35.44164066
36.46173105	36.48788724
36.51404472	35.78167133
35.62473195	35.86013767
35.624734	35.44164066
35.80782502	35.04929549
35.20623335	35.9386067
36.48788531	35.70319961
35.65089002	35.10160998
34.81388984	34.44770317
34.97082906	35.57242148
35.59857482	34.63079578
34.81389228	34.70926751
34.63079557	34.2907651
34.55232866	34.26461056
34.57848432	34.78773385
34.70926567	34.39539138
34.84004662	35.4677952
35.65088955	35.02314095
35.23239016	34.81389109
34.89235948	34.47386041
34.52617234	34.39539138
34.26461156	35.36317162
35.57242126	34.7615793
34.00305002	32.95680233
33.11373618	31.33511528
31.28280568	32.27674098
32.27674084	30.86430647
30.34118277	30.73352565
30.96893081	29.71343362
30.00114935	29.92268078
30.23655801	29.19031033
28.98105936	29.55649555
29.6088089	30.18424512
30.6550555	30.15808788
30.07961897	29.94883802
30.07961884	30.07961884
30.23655625	29.8180572
29.97499618	30.13193333
30.83814993	31.72746044
31.83208513	32.32905277
33.00911472	32.95680233
33.29683322	32.09364836
32.30289443	32.8783306
32.69523779	32.35520731
32.14595844	31.7013032
31.96286571	31.64899141
31.36127265	31.2304917
31.12586835	30.39349497
30.81199165	30.60274213
30.44580617	30.49811855
30.23655651	29.55649555
29.24262345	29.00721772
29.24262185	29.50418376
29.21646501	29.08568405
29.13799754	29.5826528
29.29493459	28.6410298
29.24317265	29.55733386
29.76677539	30.57835854
30.34273592	31.04959862
30.84015934	30.47363792
30.99723819	30.29037549
30.39509686	31.41612079
32.09680027	33.1178241
33.11782627	33.51052776
33.66760967	32.82984644
32.90838325	32.46332158
32.41096483	32.17534392
32.64658563	32.77748613
32.85602536	32.90838556
32.96074468	33.03928498
33.32726539	33.98176785
34.06031033	35.02897403
34.7148138	34.19121178
33.98177076	34.74099368
35.02897381	34.92425341
35.05515511	34.8457143
34.87189289	34.76717249
34.63627231	34.92425341
36.25943646	37.14955981
37.25428183	37.28046193
37.14956283	37.96114595
38.06586332	37.80406233
38.06586636	37.30664344
37.09719945	37.69934171
38.24912406	38.45856485
38.98216849	39.24396948
39.2963312	38.66800878
38.58946837	39.9246535
39.47959179	39.27015099
38.87744736	37.6208026
37.3590012	38.06586388
37.72552505	37.30664344
37.30664299	36.44269968
36.07617805	35.68347655
35.89291691	35.47403531
35.55257626	35.78819717
36.20707976	35.60493743
35.8929152	35.9452754
36.39034023	37.46372436
37.51608283	37.28046193
37.07102348	37.77788622
37.77788274	37.41136136
37.98732563	38.40620723
38.32766661	38.24912631
37.8564263	38.32766812
37.98732465	37.93496445
37.62080475	38.66800878
38.69418952	38.98217063
38.74654908	38.66800878
38.77272821	38.85126851
38.61564879	38.7727294
38.85126938	38.61564847
37.64698573	37.1233837
37.0972022	37.0972022
36.9401205	36.57359911
37.07102092	37.17574132
37.35900116	37.41136136
37.48990514	36.46888119
36.46887879	36.23308863
36.80946696	37.38584295
37.46443658	36.99285626
37.15005	36.7570664
37.38583976	38.48619384
38.40759866	38.2242063
37.77882511	37.35964258
36.96665768	37.67402816
37.35964088	37.28104416
36.07589534	36.57367458
36.7046673	35.86630231
36.39027978	36.62606993
37.2024493	36.78326677
37.20244805	36.80946444
36.7832649	36.3640824
35.94489855	35.76150621
35.52571812	35.31612686
35.34232685	34.94934323
35.15893349	35.02793896
35.13273706	34.97554361
35.1065366	35.23753114
34.97554068	34.92314286
35.23753021	35.02793896
35.10653514	35.21133077
35.18513356	35.28992919
35.63051384	35.94490072
36.12829315	35.65671282
35.70911047	35.31612686
35.36852344	35.34232454
35.10653683	35.28992919
35.6567143	34.76595142
34.47776182	34.3991651
34.63495572	33.58699942
32.98442532	32.53904389
32.82723094	32.3294517
32.56524241	32.14605989
32.3032538	32.25085598
32.30325127	32.59143924
32.72243539	32.04126379
32.06746117	32.30325133
32.2508559	32.53904389
32.46044554	32.17225756
32.38184952	32.3294517
32.35565092	33.01062361
33.11541932	32.7224357
32.51284359	32.22465561
32.51284506	32.25085598
32.17225911	31.91027003
31.98886522	32.17225756
32.17225856	32.09366184
31.96266538	31.96266538
31.96266904	31.25529849
31.1505007	31.07190398
30.94090723	31.17669738
31.17670015	30.88851217
31.12430116	30.62652194
30.49552747	30.33833403
30.05014689	29.91915235
29.99774954	30.02394845
29.73575954	29.81435626
29.84055609	30.02394845
30.31213506	30.62652194
31.09810296	30.78371607
30.70505184	29.47265437
29.60376135	29.60376135
29.36776963	29.57753941
29.31532749	28.39758468
28.73846127	27.92560333
27.76827625	27.63717013
27.74205476	27.92560333
27.84693955	28.31892157
28.55491389	28.76468369
29.15800073	28.31892157
27.79449733	27.53228509
27.40118066	27.79449905
28.187815	28.00426644
27.76827782	27.79449905
28.00426634	28.39758468
28.29269964	28.29269964
27.92560221	28.08292955
28.13537469	27.58472896
27.58472814	28.45002855
28.60735375	28.37136275
29.28910677	29.2104431
29.28910746	28.73846175
28.79090534	29.07933882
29.00067414	28.8433468
28.39758366	28.16159266
28.58113426	28.63357671
28.18781372	28.05670761
27.61094888	27.13896684
26.92919789	26.77187054
26.92919717	26.7456486
27.00785966	26.40477153
26.53587806	26.22122338
25.90657036	25.48703076
25.56569183	25.09370983
25.32970189	25.82790514
26.29988724	26.82431171
26.90297637	26.56210045
26.14256042	26.24744531
26.14255971	26.22122338
26.01145512	25.38214572
25.48703034	25.67057892
25.27726026	25.46080883
26.32611099	25.72302279
25.59191273	24.88393974
24.8839406	25.01504672
24.56928663	23.15334055
23.52043645	21.42273866
19.40370488	17.07001605
18.40729792	19.9281288
19.74458039	17.75176749
18.61706966	19.01038803
19.63969579	18.85305911
19.56103229	20.34766898
19.95435199	19.40370627
19.56103249	19.56103249
18.48596266	18.38107776
17.83043192	18.27619272
18.87928231	16.83402672
16.70292016	16.51937159
16.67669693	18.32863389
21.73739406	20.05923578
19.98057185	20.34766898
21.23919223	21.99960775
21.73739519	21.29163438
21.73794378	21.44915467
21.47540822	20.76656223
19.19134953	19.0338282
18.14120464	18.35123306
18.98131896	19.63765779
19.37512347	18.90255949
18.66627769	18.32498147
17.98368496	18.50875605
18.61376932	18.37748734
18.61377027	18.50875605
18.85005106	19.24385436
19.37512294	18.98131963
18.53500793	18.35123306
18.48250238	18.11495262
18.24622034	16.74976773
16.38221901	15.909655
15.98841495	16.56599316
17.0123031	17.32734575
17.95743037	17.01230246
17.09106414	16.17218972
16.80227536	16.67100759
16.22469662	16.06717529
15.96216135	14.51821583
14.38694857	15.12204813
14.9907784	15.14829971
15.14830167	16.48723301
16.59224658	15.48959728
16.11968323	16.48723301
16.22469594	16.72351345
17.09106499	17.27483988
16.90728819	16.32971002
16.56599252	16.25094987
16.2246982	15.83089485
16.46097866	17.43236017
17.53737588	16.8022763
16.88103397	16.98604818
17.30109281	16.95979659
17.30109282	17.64238903
17.45861414	16.95979659
17.27483791	17.30109146
18.66627627	18.95506535
18.58751694	19.29636292
18.61377047	17.93117804
16.74976918	16.8022763
17.64238903	17.64238903
18.1412069	18.1412069
17.66864204	17.03855674
16.90728876	16.93354231
17.16982472	17.14357117
16.56599304	16.17218972
16.592248	15.83089485
16.06717643	16.30345843
16.17218982	15.88340072
15.77838691	16.09342957
15.98841482	15.48959728
15.69962657	15.22706256
15.38458242	15.17455399
14.85951183	14.41320141
14.49196142	14.09815812
13.91438266	13.49432583
13.54683511	13.57308867
14.43945363	13.78311483
13.62559463	13.33680553
14.20488214	14.31010348
14.12596751	14.54685295
14.91512672	14.83621071
15.41492781	15.23079045
15.0992636	15.20448495
15.07295734	15.49384271
15.36231665	14.70468323
14.9151253	15.04665198
14.70468371	14.33640898
14.62576836	13.99444023
13.7839961	13.75769077
14.02074461	13.83660726
13.96813297	13.67877428
13.67877357	13.12636156
13.44202845	13.59986049
13.62616409	13.75769077
13.83660528	14.38901728
14.5731567	14.73098872
14.59946284	14.41532547
14.33640915	13.91552374
13.91552373	14.36271448
14.17857603	14.62576674
15.12556926	15.25709594
15.02034806	15.28340144
15.12556923	16.59866815
16.3356127	16.2566967
16.46714083	16.49344616
16.94063721	17.44043862
17.36152109	18.07176513
18.3874306	17.86132386
17.07216359	17.38782763
17.44043895	17.04585888
17.09846924	17.88762936
18.96614802	18.30851459
18.28220832	18.59787235
18.75570455	19.07136858
18.7030945	19.17659057
18.93984083	19.33442085
19.59747612	19.20289606
18.96614787	19.17659057
18.75570437	18.59787235
18.86092668	18.75570533
19.07137032	19.36072904
19.54486513	19.5974758
20.14988867	20.62338475
20.49185744	20.9653535
20.91274363	20.64969025
20.93904802	21.38623874
21.85973561	21.51776622
21.17579509	21.22840576
21.75451267	21.70190199
21.43884973	20.991659
21.07057452	20.46555178
20.28141399	21.28101676
21.14949166	21.09688098
21.12318506	21.33362775
21.20210121	20.91274251
20.96535429	21.09688098
21.17579749	20.72860673
20.4918559	21.14948928
21.17579589	21.35993324
21.4916211	20.99120346
21.30725777	21.38627109
21.35993338	21.41260893
21.30725671	20.99120346
20.49078666	20.30642226
20.56980209	21.12289536
21.2545845	21.22824673
21.38627331	21.20190889
21.09655468	21.04387914
21.25458211	22.36076854
22.80851307	23.28259301
23.65131923	24.3361013
24.7838446	25.81101776
25.75834031	25.09989602
25.36327568	25.8373556
26.23242227	25.86369344
25.44229026	25.28426361
24.94187157	25.94270697
26.3641119	26.1534097
25.99538353	25.28426361
25.3369375	25.67932855
25.36327374	25.09989602
25.31059848	25.20524739
25.1262375	25.49496635
25.46862728	24.99454735
24.62581651	24.23074993
24.07272351	24.30976346
23.80934912	23.51963359
23.62498197	22.49245775
23.12456383	23.335266
23.51963252	24.1517391
23.91469849	22.86118754
23.361606	23.1509038
23.62498192	23.49329305
23.38794196	23.49329305
24.12540132	23.09822812
23.12456298	22.0183766
21.12289377	21.54429814
21.72866276	21.62331166
21.86035197	21.75500087
21.57063653	21.78133872
21.96570299	21.72866303
21.64964874	21.35993324
21.35993461	21.88669008
21.62331132	21.49162245
21.54429962	21.07021968
20.80684014	20.38543579
20.30642395	20.96486831
20.72782718	20.517125
20.20107131	20.35909794
20.83317763	20.28008442
19.70065506	19.88501948
19.41093819	19.35826264
19.41094056	19.22657613
19.48995257	18.72615713
18.69981846	18.38376519
18.46277878	18.48911655
18.51545575	17.98870025
18.22573855	18.38376519
18.17306428	18.88418418
19.12122395	18.80517066
18.62080631	18.8315085
19.17389885	19.59530322
19.33157068	18.98871881
19.01509236	19.38431746
18.77773373	18.51400152
18.72498591	18.19752152
18.22389607	18.72498728
19.09421042	20.14913917
20.59748598	19.56893034
19.38431843	19.9381561
20.36012628	19.19970458
19.30519581	19.75354052
19.51618389	19.7799161
19.83266253	20.20188763
20.36012694	20.83484493
20.49199238	20.46561916
20.78209683	21.38868087
21.52054866	21.46780222
21.38868258	20.62385916
21.01945612	20.94033646
20.41287272	20.04364763
20.17551306	20.0963934
20.25463307	20.49199205
20.09639474	20.4128734
21.09857843	21.57329645
21.6260419	21.23044357
21.25681645	21.25681645
21.17769681	20.62385916
20.2810073	20.20188763
20.12276866	19.9381561
20.17551512	19.72717034
19.75354386	20.12276898
19.85903645	19.72717034
19.9381554	20.62385916
20.91396494	20.59748628
20.88759069	20.88759069
20.78209746	19.85903475
19.93815545	19.14695881
19.01509375	18.64586863
18.30301607	18.6986144
18.88322593	18.56674728
18.75136152	18.64586863
19.04146627	18.90960016
18.98871782	19.27882323
19.19970458	19.19970458
19.19970524	19.35794457
19.38431643	19.04146458
18.77773372	18.93597304
19.25245135	19.59530322
19.64804801	20.14913917
20.3337534	20.22826052
19.99090153	20.22826052
20.25463206	20.36012493
20.20188763	20.4128734
20.36012493	20.36012493
20.51836763	20.51836763
20.43924495	20.75572358
20.8084707	20.91396358
21.0194568	21.09857646
21.04583035	21.4941751
21.75790595	21.59966664
21.46780221	21.67878798
21.67878765	21.4941751
21.4150551	21.52054799
21.62604121	21.28318934
21.2040707	20.99308492
21.04583002	21.09857646
20.96671069	20.86121781
21.0985768	21.07220357
21.09857646	21.09857646
21.09857505	20.99295015
21.23060932	22.04920247
22.3660754	23.23748093
23.34310626	22.65654432
22.78857371	23.84482278
24.16169811	23.68638601
23.47513641	24.82185402
25.34997979	25.21794864
24.79544971	24.55779364
24.18810267	24.37294625
24.63701062	24.53138571
24.1352915	24.26732263
24.68982215	24.05607271
23.73919897	24.02966748
24.21451189	23.5807624
23.3959163	23.29029139
23.60716733	23.68638601
23.47513669	23.31669932
23.42232473	23.65998078
24.02966829	23.5807624
23.71279176	24.05607271
24.29372849	24.84825925
25.24435356	24.6106041
24.18810307	24.50497779
24.63701052	24.32013579
24.26732333	24.32013579
24.79544839	24.66341725
24.18810555	24.08248063
24.39935311	24.92747764
25.16513438	24.98029079
24.87466518	24.92747764
24.76904266	25.00669872
24.87466518	24.92747764
25.00669881	25.21794864
24.92747752	24.71622771
24.95388607	24.58419887
24.74263513	24.39935417
24.21451178	24.08248063
24.29372937	24.6106041
24.66341514	25.71966418
26.06294764	26.01013519
25.95732193	25.74607211
25.95732183	26.24779034
25.42919527	24.37294625
25.05951108	24.79544879
24.55779145	24.90107241
25.08591731	24.79544879
24.58419687	24.63700933
24.76904207	23.73919917
23.84482487	24.00326225
24.08248063	24.08248063
24.71622823	25.05950918
25.0066989	25.42919857
25.53482298	25.79888526
25.98372667	26.14216403
25.93091481	25.98372726
26.11576021	25.50841695
25.24435544	25.77248003
25.98372826	25.95732203
25.82529059	26.03654041
26.22138461	25.87810365
25.85169722	26.16857195
26.35360258	27.64881474
27.78097925	27.64881474
27.91314433	28.12460755
28.01887557	27.93957686
28.1246088	27.78098106
27.99244249	28.0453083
27.99244212	27.86027761
27.88671034	27.96600905
28.15103895	29.07619046
29.71058126	30.02777607
30.13350636	29.57841545
29.34052257	30.45070451
29.60484928	29.84274539
29.78987976	29.73701395
29.84274633	30.50356888
30.82076332	30.31853819
29.92204447	30.02777607
30.05420727	30.68859687
31.85164678	31.79878098
31.7459148	31.61375029
31.64018323	32.01024385
32.1159769	31.95737948
31.95737657	31.66661466
31.37585444	30.21280676
30.68859817	31.13795749
30.92649424	30.74146393
30.68859882	30.31853819
30.08064174	30.53000106
30.60929947	31.13795749
30.90006218	29.8163132
29.76344665	29.44625183
29.39338714	30.00134389
30.08064296	30.18637457
30.2656708	30.477134
30.90006206	30.71503175
30.76789679	30.34497038
30.18637226	30.37140256
30.37140507	30.08064314
29.92204464	29.92204464
30.15993978	30.9529268
30.60929939	30.34497038
30.63573327	31.40228742
31.00579302	31.53445104
31.64018372	31.29655599
31.34942214	31.08509312
31.00579265	31.34942036
31.37585494	32.38030522
32.64463459	32.16884235
31.9573793	32.06311091
32.27457321	31.79878098
31.98381061	32.22170672
32.19527484	31.19082455
31.00579455	30.18637457
30.71503116	30.23923894
30.66216506	29.15548971
29.39338675	29.41981965
29.49918828	29.89603834
29.97540724	29.71084054
29.44627669	30.00186682
29.81666853	30.18706193
30.58391422	30.55745754
31.13950398	31.53635407
31.74800777	32.43588127
32.85918419	31.93320074
31.9596583	32.14485499
32.03903151	31.77446477
31.85383365	31.90674699
32.06548589	32.03902922
33.12375309	33.25603644
32.51524986	33.22958
33.83808273	33.62642936
33.83808384	33.81162717
33.62642985	33.25603644
33.38832003	33.22958
33.54705827	32.8062715
32.93855487	32.48879147
32.1183992	32.35650925
32.38296706	32.22422702
32.14485499	32.14485499
32.38296503	32.14485499
32.06548734	31.24533049
31.24532756	31.58926427
30.87493614	31.6686363
31.74800625	32.30359636
32.40942213	32.40942213
32.56816327	32.59461994
32.56816441	32.46233772
32.14485723	32.19777058
32.25068285	31.69509274
32.30359477	32.48879147
31.50989429	30.95430421
30.71619466	30.26643126
30.58391172	30.84847843
30.90139311	31.00721979
31.53635069	31.93320074
32.11840007	32.5681635
32.77981661	32.91209997
32.6475337	32.85918708
32.93855802	32.7533613
32.77981687	32.5681635
32.27714128	32.11840124
32.19776743	32.25068077
32.70044575	32.38296569
32.77981735	34.07619431
34.18201784	34.1291045
33.9968238	34.44658723
34.52595705	34.15556364
34.23493385	34.44658723
34.34075875	34.34075875
34.49950135	35.29320154
35.16091592	35.55776598
35.47839508	35.34611173
35.71650895	35.53131223
35.42548373	35.74296379
35.79587602	35.55776598
35.69005232	35.2138322
34.20847558	34.94926237
34.84343501	35.0286317
35.6900514	35.31965798
35.21382836	35.66359176
35.71650791	36.5895781
36.80122994	36.13981315
36.21918297	35.84878957
35.74296179	35.34611173
35.18725646	34.65772664
34.63124799	34.94896586
35.29316061	35.42554306
35.71678579	35.21373247
34.71067878	34.73715527
35.05487485	34.578298
34.41943757	34.97544387
35.02839444	34.60477062
34.86953791	34.97544387
35.00192138	35.13430384
35.18725274	34.92248785
34.63124943	34.12819612
34.39296029	33.5986656
32.83084746	32.56608256
33.38685334	33.54571227
33.99581279	33.78400087
33.99581302	34.44591335
34.34000616	34.04876479
34.28705574	34.23410276
34.28705388	34.15467143
33.94285966	33.96933615
34.39296256	34.578298
34.71067881	35.16077915
35.39906512	35.82268893
35.76973862	35.39906775
35.84916778	35.7697383
35.84916568	36.48460141
36.88175047	36.74936802
36.88175115	36.85527466
37.22594543	37.88785769
38.12614702	39.07930069
39.07929917	39.05282268
39.02634507	39.50292187
39.66178115	39.5558752
39.71473423	38.94691604
38.708627	39.26463327
38.92043989	38.99986936
38.7880579	38.44386353
38.60272247	38.44386353
38.60272383	38.65567681
39.31758562	39.58235051
39.39701724	39.29111128
39.10577517	39.18520464
39.02634566	38.76158076
38.20557395	38.47033884
38.86748485	38.68214943
38.54976964	38.25852825
38.02023916	38.15262161
38.31148225	38.41738821
38.52329436	38.65567681
38.28500386	37.91433301
37.83490524	38.17909961
38.04671387	37.46423112
37.54366298	37.83490437
37.75547441	37.96728633
38.31148059	38.57624548
38.62919846	38.57624548
38.47033815	38.3644322
37.75547452	37.35832717
37.25242004	37.38480249
37.43775767	37.51718714
37.67604386	37.38480249
37.86138018	37.72899773
37.64951068	37.94095657
38.1794132	38.07343287
38.33838188	38.04693599
38.17941139	38.36487696
38.47085906	38.7093148
38.57683848	38.81529422
38.81529333	38.36487696
38.31188859	38.39137383
38.70931391	38.49735326
38.49735415	38.55034431
38.49735323	38.9742647
39.21272135	38.7093148
38.81529424	38.25889753
37.91446424	37.46404783
37.57002727	37.33157153
37.41105766	37.46404783
37.59652054	37.30507465
37.06661894	36.82816321
36.2717674	36.5632133
36.6956878	36.82816321
36.58970922	37.25208629
37.27858138	37.0931158
37.14610416	37.22558941
36.85466101	36.58971018
36.64269766	36.27176652
36.35125175	36.66919273
37.17259922	37.70250085
37.72899684	37.59652143
37.25208709	38.02044451
38.12642124	37.72899503
37.94095919	38.57684119
38.28539436	38.84179109
38.89478127	38.76230585
38.49735416	38.47085907
38.55034432	38.47085907
38.28539447	37.64951249
37.41105496	37.54353037
37.49054287	37.78198879
37.86147134	37.70250085
37.7819852	37.49053931
37.59652053	37.54353037
37.46404697	37.01363056
37.0931167	37.14610686
37.33157064	37.19909523
37.06662164	36.90765114
37.06661893	36.98713369
37.09311495	36.5632133
36.72218283	37.94095657
37.80848205	38.15291811
37.96745165	37.94095657
37.78198692	38.78880004
38.89478212	39.21272312
39.18622532	39.53066138
39.68963187	39.53066138
39.68963361	40.27252542
40.40500085	40.11355494
40.3255155	41.30583355
41.59728035	41.43830985
41.51779327	41.88872441
41.96821144	42.07419177
42.0476958	41.94171547
41.96820876	41.91521859
41.96820877	41.67676287
41.43830807	41.17335725
40.80218823	41.43847966
41.38545611	40.90823753
41.38545712	41.2528964
41.41196838	41.3059198
41.14684782	41.2528964
41.2263831	40.4310188
40.45753094	40.4310188
40.51055427	40.24543284
40.35148146	40.40450575
40.40450569	40.24543284
40.51055471	41.59755258
41.5180162	41.75662549
41.75662536	41.35894321
41.677089	41.59755258
41.67708721	41.62406293
41.73011235	41.49150307
41.54452917	41.54452917
41.46499173	41.1998703
41.35894318	41.27940675
41.59755467	42.68455259
43.13525749	43.5064275
44.08969042	44.1692295
44.46086474	43.74503686
44.19574247	43.95713318
44.1957409	44.61993518
44.40784067	44.46086496
44.5138907	43.5594509
43.85108831	44.46086496
45.68042027	45.46832313
45.30925201	45.28273987
45.60088999	45.0971566
45.28274161	45.0971566
45.28273814	45.46832313
45.25622666	44.69947433
44.19574149	43.612477
43.40038325	43.24130508
43.61247545	44.35481276
43.87759508	44.2222556
44.5669119	44.88506029
44.32829978	44.40783886
44.46086462	43.34735459
43.7185246	43.34735459
43.24130251	43.47991445
43.61247722	44.24876865
44.59342482	44.59342482
44.30179026	44.32830241
44.35481554	44.75249504
44.72598722	44.40783886
44.14271743	44.40783886
44.38132762	44.2752817
44.27528232	43.66549771
43.42688829	42.94967501
43.00269488	43.21479203
43.18828437	43.18828437
43.21478875	43.82457332
43.74503583	43.32084154
43.37386757	43.29432849
43.13525667	43.71852381
43.7185221	43.82457332
43.21479203	43.21479203
43.69200922	44.35481276
44.54051689	45.76080229
46.21177705	46.02608105
46.53011597	45.9730253
45.81385818	46.34441556
46.45053007	45.81385804
45.57510461	45.84038727
45.99955409	45.52205007
45.30982513	44.56703846
45.04454537	45.38941204
45.46898973	45.60163504
45.52204665	46.26483328
46.26483533	47.53817669
47.82998915	46.58316778
46.74233951	46.0791395
46.39747205	45.6546854
46.10566319	45.57510582
45.84038928	45.12413059
45.33635091	45.04454292
45.49552161	45.62816426
45.84038917	45.99955452
46.02607985	45.70774385
45.65468619	45.49552084
45.65468752	44.35481546
44.27523562	43.4528623
43.42633894	43.61203494
43.90383809	44.0895394
44.08954028	42.76314023
42.07340986	41.83465785
42.57743768	42.44480033
42.68355413	43.47939152
42.97536538	42.78966406
42.81618916	42.84271981
42.84272056	42.68355256
42.6835528	43.21411546
43.24063716	43.42633846
43.5855055	43.34675349
42.7100796	42.31215961
40.6674253	39.65936127
39.89811368	40.4286737
40.48173097	40.16339495
40.16339423	40.03075422
40.26950423	40.45520023
40.004225	40.004225
39.87158259	39.07574262
39.4206098	39.26144179
39.39408151	39.60630552
39.65935984	39.10227184
39.23491178	39.97769578
39.89811227	39.87158427
39.7654733	39.36755329
39.31449687	38.59824086
38.49212935	38.49212935
38.27990602	38.91657806
38.86352111	38.54518511
38.70435211	38.75740811
38.67782555	39.02268956
39.02269078	39.04921878
39.79200192	40.37561795
40.50825897	40.16339495
40.11033478	40.18991878
40.11033894	40.16339495
40.21644944	40.48172945
40.32256073	40.34908873
40.29603273	40.34908873
40.53478468	40.93270469
40.98576138	41.35715339
41.38368229	42.02035432
41.86118531	42.23257733
41.6224334	41.35715339
41.30409818	40.90617816
41.01228721	40.95923121
40.58784121	40.53478521
40.50825736	41.35715339
41.46326464	41.51632064
41.5428499	41.25104189
41.48994731	41.01213602
41.06522693	41.51649316
41.3041304	41.11831491
41.01213666	41.06522681
40.98558964	40.90595443
40.82631931	40.69359396
40.64050511	40.79977554
40.82632	41.41031157
41.88812289	42.07393839
42.65792776	42.55175014
42.44556692	42.31284157
41.99430248	41.35722078
41.46340171	41.41031157
40.69359216	40.98558792
40.85286601	40.82632094
41.46340074	41.33067538
41.80848907	41.9677595
41.56958177	41.1714057
41.01213599	40.34850919
40.53432335	41.11831491
40.93250038	41.1979511
41.3837666	41.1979511
41.1979511	41.1979511
41.30413193	41.46340236
41.38376617	41.38376617
41.38376594	41.1448603
41.19795063	40.72013935
40.95904471	41.35722078
40.98558983	40.48123348
40.29541728	39.76451586
40.00342378	39.95033364
39.84415173	39.81760666
40.18923876	40.34850919
40.98559102	40.13614872
40.02996833	40.34850919
40.50778028	40.40159999
40.29541937	40.37505459
40.48123348	40.48123348
40.50777813	40.66704856
40.72014085	40.40159999
40.56086979	41.01213602
41.19795152	41.01213602
40.90595531	41.1979511
41.64921656	42.8968349
42.89683658	42.81719871
43.18882956	43.24192236
43.37464632	43.34810125
43.45428268	43.00301648
42.73756499	42.49865934
42.60483688	42.71101982
42.84374298	43.18883156
43.32196563	42.86930834
42.86930773	42.89593729
42.73617359	42.65629555
43.10895332	43.53498105
43.26871194	42.97581338
43.02906936	43.56161001
43.4550998	44.12077229
44.25390893	44.70656622
44.73318825	44.57342952
44.3870431	44.49354804
44.49354694	44.653311
44.94620322	45.37223893
45.66513251	45.13259719
45.50537141	45.34561267
45.3988625	45.3988625
45.58525594	45.74501468
45.69176038	44.86632648
45.02608721	45.34561267
45.02608845	45.29235745
45.47874586	45.3988625
45.45211749	44.786445
44.89295679	44.94620527
45.55862746	46.03791165
46.25092684	46.03791165
45.74501494	44.94620527
44.94620351	45.58525442
45.37224068	44.17402751
43.98763814	43.88113054
43.88113025	43.66811506
43.96101138	43.98763828
43.21545816	41.96399387
41.56458888	42.81605312
43.26871287	43.16220261
43.13558057	43.29533931
43.74799647	44.20065377
44.17402614	43.66811506
44.14739997	44.20065377
44.2805322	44.5201743
44.41366961	44.17402751
44.2539109	44.73318978
44.65331044	45.23910223
45.15921905	45.34561267
45.71838636	45.69175946
45.74501433	45.98465643
45.85151767	45.82489077
46.11779185	46.17104565
46.17104172	46.22429818
46.09115836	46.22429818
46.22430023	46.25092713
46.2509276	46.11779043
45.90477449	46.03791165
46.03791336	45.85151973
45.71838761	45.63850425
45.42548957	45.50537294
45.45211861	45.63850425
45.66513352	45.42548876
45.15921824	45.2657285
45.66513245	45.58525442
45.69176088	45.74501468
45.8781489	45.5319992
45.58525506	45.55862816
45.45211697	45.37223893
45.05271324	44.70656622
44.91958002	45.66513051
45.66512979	46.17252279
46.03899619	45.95887925
46.49297803	47.21400641
47.16059754	47.16059754
45.8787698	46.89354784
46.6799129	46.41286268
46.57309633	46.65320526
46.65320549	45.7452438
46.19922292	44.99751163
44.70376081	44.65034863
45.05092404	46.0924068
46.65320337	46.81343724
46.70661534	47.05377982
47.13389115	47.294117
47.61457773	47.88162528
47.98844001	48.01514744
48.12196645	48.01514744
47.98844123	48.36231313
48.17537916	48.41571661
48.57595286	47.77480486
48.04185207	47.80150929
47.507763	46.41286268
46.51968234	45.02421876
45.77194666	45.23785691
45.82535832	46.17252279
46.41285942	45.34467194
45.45149257	44.54353091
44.91739683	43.92932359
42.72760673	42.83442842
41.63271194	40.59122652
40.48440709	41.07191168
41.63271271	40.7514558
40.80486585	41.15202767
41.52589381	42.96795058
42.8344276	42.00657756
41.97987432	42.32703613
41.52589252	41.73953055
41.97987374	40.59122652
40.88497947	41.20543653
40.67133969	40.45770167
40.7781595	41.28554983
41.71282815	42.43385655
42.16680685	42.16680685
42.67419946	42.6474947
43.52874563	44.03613862
43.66227388	43.66227388
44.2230715	43.8492076
43.60886408	43.68898101
43.82250285	44.51682647
44.67705427	44.35659988
44.11625641	44.41000605
44.19636792	43.52874903
43.28840375	43.28840375
43.10147304	43.74238718
43.5821591	43.26170471
43.44863753	43.74238718
43.71568425	44.03613862
43.84920641	42.83442842
42.14010414	42.22021841
42.16680782	42.75431243
42.80772366	42.83442842
42.75406497	42.43260584
42.64691033	42.86121641
42.86121856	43.45055763
43.69165064	43.31661767
42.96837237	42.29866318
42.6469101	43.15588972
42.99515532	43.10231104
43.07552278	43.10231104
43.15588915	43.20946031
43.04873452	43.10231104
42.88800251	42.80763773
42.75406303	41.81647393
42.05757018	42.43260584
42.37902714	42.11114454
42.13793305	41.81647393
41.87005041	41.28070869
41.2271319	41.30749668
41.46822921	41.01282876
41.30749938	41.57538199
41.52180357	41.2271327
41.30749695	41.28070869
41.33428443	41.62895528
41.22713219	41.54859131
41.60216917	41.41465134
41.54859133	41.81647393
41.87005046	42.08435654
42.03077976	42.11114454
42.27187465	42.32545117
42.53975672	42.37902716
42.05757017	41.8968406
41.89683927	42.29866318
42.08435788	41.68253396
41.84326056	41.70931926
41.78968592	41.52180331
41.65574359	42.16472052
42.11114534	42.03078056
42.08435843	41.8968406
41.87005179	41.68253396
41.73610808	41.9236259
41.78968389	42.80763773
42.86121829	42.67370046
42.86121618	43.15588972
43.23624841	44.03990155
43.98632475	43.79880693
43.8255968	43.63807897
43.47734536	43.50413362
43.71843949	44.06668955
44.06669115	44.17384152
44.09347567	44.01311356
44.03990341	44.12026284
44.28099913	44.25420819
44.25420737	43.79880693
43.69164962	44.2274175
44.44172469	44.92391339
44.95070243	44.84354672
44.76317953	44.81675872
44.78996725	44.87033471
44.81675949	44.20062951
44.36135536	44.84354672
44.78996939	44.65603077
44.62924167	44.20062951
44.41493693	44.33456947
44.25420551	44.78996804
44.7899718	45.48855564
45.32734565	45.08552817
45.78411143	46.18714055
46.40208668	45.89158312
45.81097759	46.50956145
46.7245092	47.26188408
47.34249009	46.9931955
46.88572376	46.9931955
46.56329994	46.93945779
46.91258847	47.15440595
47.26188129	46.6707746
46.61703762	46.69764076
46.42896023	46.13340284
46.64390846	46.93945779
47.18127486	47.47683225
47.10067262	46.9931955
47.20814407	46.6707746
46.96632759	46.77824734
46.02592413	45.38107751
45.89158432	45.73037267
46.34835025	46.26774173
46.10653074	45.75724152
45.08552677	45.5154245
45.40794652	44.84370845
44.11825584	43.66148949
44.41381085	44.27946513
45.13926072	44.87058
45.59602693	45.73037267
45.48855521	46.02592471
47.10067465	47.5037011
48.12167775	48.22915487
48.25601913	48.63218235
48.7665259	48.68592276
48.65905314	48.57844463
48.44410275	49.57258428
49.41136861	48.84713051
48.8471289	48.09480789
47.44996364	47.47683225
47.79925806	48.04107017
48.22915471	48.7933928
48.90087186	48.71278622
48.44410468	48.04107017
48.12167865	47.74551813
47.79925877	47.826122
48.17541567	48.0142067
48.12167964	47.85299086
48.14854676	47.69178041
48.01420556	48.47097189
47.96046751	47.79925854
47.34249356	47.07380477
47.18127363	47.34249065
47.20814423	47.55743882
47.31562307	47.74551813
47.61117041	47.53056996
47.15440641	46.91258893
46.18714234	44.92431232
43.5271508	43.25846201
40.35665096	41.08210341
43.52714873	41.00149683
42.47927134	43.15098389
44.01077807	44.17199509
44.06451867	43.95704692
43.8764379	43.90330651
42.85543071	41.86129219
42.6429905	42.72385584
43.04731721	42.96645187
42.56212516	42.18475356
43.0203621	43.55946438
44.12552447	42.85863142
42.77776607	43.23600571
43.10122744	43.23600571
43.04731721	43.0203621
43.23600571	43.9637884
44.07161155	44.01770132
43.90988356	42.75081096
42.26561891	41.94215754
42.23866379	42.31952913
41.75347174	41.96911265
42.04997799	42.37343936
41.88824731	41.91520242
42.80472119	42.8316763
42.56212516	41.69956151
41.78042685	41.37610014
41.91520242	41.99606776
41.83433708	41.91520242
40.64831206	41.45696548
41.64565128	42.29257402
42.26561891	42.29257402