5995.97998	5975.919922
5975.919922	5966.580078
5966.580078	5985.240234
5985.339844	5989.169922
5989.160156	5950.680176
5950.660156	5941.200195
5941.200195	6018.939941
6017.569824	6036.810059
6036.810059	6010.72998
6010.72998	5963.350098
5963.350098	5939.049805
5939.049805	5967.129883
5967.129883	5924.779785
5924.790039	5942.319824
5942.319824	6016.089844
6016.089844	6033.189941
6033.209961	6068.77002
6068.77002	6073.02002
6073	6147.350098
6147.350098	6139.620117
6139.620117	6142.779785
6142.779785	6153.899902
6153.899902	6122.890137
6122.879883	6166.169922
6166.169922	6137.169922
6137.209961	6108.649902
6108.810059	6176.850098
6175.990234	6196.290039
6197.450195	6172.02002
6172.02002	6207.049805
6207.080078	6215.990234
6213.540039	6288.049805
6288.060059	6284.299805
6284.299805	6321.839844
6321.850098	6337.47998
6337.47998	6350.339844
6350.339844	6364.339844
6364.299805	6442.200195
6442.180176	6443.600098
6443.600098	6464
6464	6451.259766
6451.259766	6534.580078
6534.580078	6541.149902
6541.149902	6525.299805
6525.299805	6569.319824
6569.319824	6526.169922
6526.169922	6543.680176
6543.680176	6509.450195
6509.450195	6559.810059
6559.72998	6550.040039
6550.040039	6567.680176
6567.680176	6599.47998
6599.47998	6658.319824
6658.319824	6657.089844
6657.330078	6626.819824
6626.819824	6672.040039
6672.040039	6639.779785
6639.779785	6555.970215
6555.970215	6555.709961
6555.709961	6551.629883
6551.629883	6568.700195
6568.700195	6574.819824
6574.819824	6526.100098
6526.100098	6544.279785
6544.279785	6632.669922
6632.649902	6641.819824
6641.819824	6677.040039
6677.040039	6751.049805
6751.049805	6716.189941
6716.189941	6691.399902
6691.399902	6770.27002
6770.27002	6719.140137
6719.140137	6715.290039
6715.290039	6676.709961
6676.709961	6665.5
6665.490234	6654.879883
6654.879883	6670.27002
6670.27002	6677.660156
6677.660156	6692.370117
6692.370117	6766.560059
6766.560059	6717.129883
6717.129883	6718.330078
6718.330078	6742.75
6742.75	6780.029785
6780.029785	6741.379883
6741.379883	6698.069824
6698.25	6591.720215
6591.720215	6480.549805
6480.560059	6545.959961
6545.959961	6445.120117
6445.129883	6489.709961
6489.720215	6567.720215
6567.720215	6561.169922
6561.169922	6501.529785
6501.529785	6404.27002
6404.299805	6418.319824
6418.310059	6375.669922
6408.049805	6464.419922
6464.419922	6469.569824
6469.560059	6553.560059
6553.560059	6586.629883
6586.629883	6599.060059
6599.060059	6644.339844
6644.339844	6680.330078
6680.330078	6715.089844
6715.040039	6694.140137
6694.140137	6675.399902
6675.439941	6655.709961
6655.709961	6683.649902
6683.649902	6583.629883
6583.629883	6551.169922
6551.169922	6569.459961
6569.47998	6616.930176
6616.930176	6620.049805
6620.049805	6527.120117
6527.120117	6546.77002
6546.77002	6633.299805
6633.299805	6616.879883
6616.870117	6597.700195
6597.689941	6612.700195
6612.069824	6500.209961
6500.209961	6452.22998
6452.22998	6439.419922
6439.419922	6488.75
6488.799805	6531.240234
6531.240234	6554.02002
6554.009766	6483.089844
6482.609863	6364.069824
6364.069824	6251.819824
6251.819824	6300.959961
6301.049805	6311.140137
6311.120117	6294.580078
6294.580078	6293.339844
6293.339844	6231.189941
6231.310059	6276.529785
6276.540039	6287.160156
6287.160156	6277.120117
6277.120117	6308.120117
6308.120117	6334.129883
6334.129883	6429.319824
6429.319824	6435.140137
6435.140137	6492.299805
6492.299805	6484.720215
6484.72998	6487.25
6487.279785	6506.339844
6506.370117	6456.709961
6456.709961	6503.879883
6503.879883	6610.890137
6610.890137	6603.419922
6603.419922	6525.52002
6525.52002	6556.970215
6556.970215	6465.209961
6465.200195	6526.029785
6526.029785	6535.370117
6535.370117	6546.009766
6546.009766	6566.580078
6566.580078	6545.160156
6545.160156	6553.810059
6553.810059	6602.339844
6602.339844	6597.560059
6597.560059	6571.200195
6571.22998	6571.580078
6571.580078	6574.52002
6574.52002	6602.990234
6602.919922	6544.759766
6544.779785	6542.359863
6542.359863	6497.529785
6497.529785	6518.709961
6518.709961	6473.580078
6473.569824	6500.399902
6500.410156	6503.779785
6503.779785	6504.600098
6504.600098	6488.799805
6488.790039	6457.120117
6457.160156	6456.02002
6456.02002	6446.660156
6446.660156	6473.029785
6473.029785	6390.209961
6390.120117	6390.629883
6390.640137	6324.100098
6324.27002	6297.640137
6297.629883	6347.600098
6347.600098	6357.77002
6357.759766	6394.069824
6394.069824	6403.149902
6403.149902	6426.399902
6426.399902	6402.709961
6402.680176	6385.060059
6385.069824	6295.100098
6295.100098	6225.830078
6225.799805	6227.549805
6227.459961	6295.109863
6295.109863	6278.600098
6278.600098	6217.060059
6217.060059	6234.839844
6234.839844	6315.950195
6315.990234	6320.25
6319.209961	6386.72998
6386.72998	6372.629883
6372.629883	6414.669922
6414.689941	6385.439941
6385.439941	6382.509766
6382.509766	6431.790039
6431.819824	6439.799805
6439.790039	6455.52002
6455.52002	6414.540039
6414.540039	6454.220215
6454.200195	6469.859863
6469.859863	6535.049805
6534.950195	6510.439941
6532.140137	6555.640137
6555.580078	6534.089844
6534.089844	6544.310059
6544.319824	6568.299805
6568.299805	6581.810059
6581.799805	6594.209961
6594.180176	6546.319824
6546.319824	6574.609863
6574.75	6604
6603.740234	6565.899902
6565.899902	6633.220215
6633.220215	6548.560059
6548.560059	6521.430176
6521.379883	6531.370117
6531.350098	6496.370117
6496.370117	6543.390137
6543.350098	6560.680176
6560.680176	6570.25
6570.390137	6663.180176
6663.180176	6677.75
6677.75	6679.25
6679.25	6717.430176
6717.419922	6654.220215
6654.220215	6636.419922
6636.439941	6643.169922
6643.160156	6609.709961
6609.700195	6556.529785
6556.529785	6516.100098
6516.140137	6559.379883
6559.379883	6572.370117
6572.379883	6530.390137
6530.390137	6539.47998
6539.470215	6563.490234
6563.490234	6521.319824
6521.319824	6520.899902
6520.910156	6598.450195
6598.439941	6665.870117
6665.97998	6670.5
6670.439941	6692.709961
6692.709961	6699.859863
6699.839844	6701.470215
6701.470215	6787.399902
6787.390137	6885.200195
6881.279785	6906.22998
6910.160156	6890
6889.959961	6886.339844
6886.339844	6891.220215
6891.220215	6950.970215
6950.970215	7014.180176
7014.189941	7003.060059
7003.049805	6959.299805
6959.299805	7013.459961
7013.470215	7002.910156
7002.910156	6947.189941
6947.189941	6979.790039
6979.759766	6985.299805
6985.290039	7016.350098
7016.350098	7046.689941
7046.689941	7032.22998
7032.22998	7005.720215
7005.720215	7097.319824
7097.310059	7074.819824
7074.819824	7092.620117
7092.620117	7082.580078
7082.580078	7014.720215
7014.720215	7029.970215
7029.970215	7048.100098
7048.100098	7028.509766
7028.509766	7102.410156
7102.410156	7124.609863
7124.609863	7159.649902
7159.640137	7131.97998
7131.97998	7098.149902
7098.089844	7116.97998
7116.990234	7167.029785
7167.040039	7190.140137
7190.22998	7208.779785
7208.779785	7197.27002
7197.060059	7245.810059
7245.810059	7242.240234
7242.240234	7253.560059
7253.560059	7250.060059
7250.060059	7179.709961
7179.709961	7090.52002
7090.52002	7055.209961
7055.220215	7076.939941
7076.939941	7057.509766
7057.509766	7081.700195
7081.709961	7044.109863
7044.109863	7075.640137
7075.629883	7028.669922
7028.680176	7066.220215
7066.209961	7114.529785
7114.509766	7059.27002
7059.27002	7010.470215
7010.470215	6996.560059
6996.560059	6984.029785
6984.029785	6998.640137
6998.620117	7046.399902
7046.379883	7048.970215
7048.970215	7031.990234
7031.990234	7089.830078
7089.950195	7146.209961
7146.200195	7169.390137
7169.370117	7148.319824
7148.359863	7217.430176
7217.430176	7200.910156
7200.899902	7207.450195
7207.450195	7161.990234
7161.990234	7210.649902
7210.660156	7261.640137
7261.640137	7280.370117
7280.370117	7303.959961
7303.959961	7306.759766
7306.759766	7272.540039
7272.540039	7287.470215
7287.470215	7211.169922
7211.169922	7243.279785
7243.27002	7283.279785
7283.390137	7361.890137
7361.890137	7321.22998
7321.22998	7351.029785
7351.029785	7343.140137
7343.180176	7357.120117
7357.120117	7441.180176
7441.180176	7440.310059
7440.310059	7426.169922
7426.169922	7354.740234
7354.740234	7354.97998
7354.990234	7330.430176
7330.410156	7353.890137
7353.890137	7310.410156
7310.410156	7264.470215
7264.470215	7284.310059
7284.310059	7276.839844
7276.850098	7229.200195
7229.189941	7158.970215
7158.97998	7127.180176
7127.180176	7128.799805
7128.810059	7131.52002
7131.540039	7070.529785
7070.540039	7158.5
7158.5	7167.529785
7167.549805	7136.359863
7136.339844	7137.529785
7137.490234	7170.899902
7170.899902	7191.180176
7191.180176	7227.080078
7227.080078	7181.5
7181.490234	7189.419922
7189.410156	7208.040039
7208.040039	7133.990234
7133.990234	7063.740234
7063.740234	6958.350098
6958.350098	6969.089844
6969.089844	7030.740234
7030.740234	6937.600098
6937.629883	7049.180176
7047.990234	7015.850098
7016.049805	7071.859863
7071.870117	7011.209961
7011.209961	7010.209961
7010.209961	6935.310059
6935.339844	7008.319824
7008.370117	7043.009766
7042.799805	7032.029785
7032.029785	7124.689941
7124.689941	7117.290039
7117.310059	7110.080078
7110.080078	7144.600098
7144.600098	7066.810059
7067.060059	7079.859863
7079.850098	6989.640137
6989.640137	6937.689941
6937.689941	6996.129883
6996.100098	7034.640137
7034.640137	7113.120117
7113.129883	7140.959961
7140.970215	7121.02002
7121.02002	7155.950195
7155.950195	7153.97998
7153.97998	7129.240234
7129.290039	7164.470215
7164.419922	7184.899902
7184.899902	7134.330078
7134.319824	7190.649902
7190.669922	7206.080078
7206.080078	7169.209961
7169.209961	7184.490234
7184.52002	7199.319824
7199.339844	7180.569824
7180.569824	7212.129883
7212.129883	7200.109863
7200.109863	7213.02002
7213.029785	7235.140137
7235.140137	7256.390137
7256.399902	7289.759766
7289.759766	7346.319824
7346.310059	7325.689941
7325.689941	7314.25
7314.330078	7320.089844
7320.089844	7246.549805
7246.549805	7209.060059
7209.060059	7210.319824
7210.310059	7267.919922
7267.919922	7262.310059
7262.310059	7217.779785
7217.839844	7245.589844
7245.569824	7289.669922
7289.399902	7251.870117
7251.870117	7254.569824
7254.569824	7330.580078
7330.620117	7382.5
7382.529785	7411.850098
7411.850098	7400.830078
7400.810059	7403.399902
7403.399902	7403.589844
7403.589844	7372.439941
7372.450195	7414.569824
7414.569824	7453.410156
7453.410156	7412.410156
7412.399902	7447.160156
7447.169922	7423.25
7423.350098	7428.069824
7428.069824	7465.439941
7465.450195	7516.779785
7516.77002	7476.660156
7476.660156	7502.100098
7502.089844	7556.589844
7556.589844	7566.540039
7566.540039	7515.180176
7515.189941	7453.290039
7453.290039	7452.709961
7452.709961	7505.580078
7505.660156	7528.390137
7528.399902	7590.830078
7590.830078	7558.330078
7558.209961	7564.779785
7564.790039	7480.160156
7480.169922	7461.77002
7461.77002	7433.240234
7433.240234	7458.540039
7458.77002	7486.540039
7486.5	7453.779785
7453.790039	7417.419922
7417.419922	7434.580078
7434.580078	7379.859863
7379.859863	7413.97998
7413.970215	7397.060059
7397.060059	7496.089844
7496.109863	7543.850098
7543.850098	7531.129883
7531.140137	7618.959961
7618.970215	7625.240234
7625.240234	7594.640137
7594.640137	7663.819824
7663.810059	7637.509766
7637.549805	7578.25
7578.25	7577.290039
7577.290039	7583.140137
7583.169922	7646.290039
7646.27002	7611.890137
7611.890137	7562.839844
7562.740234	7515.02002
7515.029785	7519.859863
7519.859863	7518.899902
7518.899902	7556.450195
7556.5	7548.649902
7548.649902	7575.100098
7575.100098	7632.5
7632.379883	7632.97998
7632.97998	7626.22998
7626.240234	7558.100098
7558.080078	7436.359863
7436.359863	7399.660156
7400.060059	7435.189941
7435.720215	7385.569824
7386.290039	7380.810059
7380.799805	7322.740234
7322.720215	7293.120117
7293.129883	7362.589844
7362.589844	7370.839844
7370.839844	7277.910156
7277.910156	7363.069824
7363.060059	7234.089844
7234.089844	7254.490234
7254.490234	7374.529785
7374.350098	7361.839844
7361.810059	7334.77002
7334.77002	7263.319824
7263.319824	7369.549805
7369.529785	7433.120117
7433.049805	7425.180176
7425.189941	7509.819824
7509.810059	7534.810059
7534.819824	7507.560059
7507.470215	7519.419922
7519.439941	7489.720215
7489.72998	7500.990234
7501.100098	7530.129883
7530.100098	7561.399902
7561.450195	7549.169922
7549.080078	7509.379883
7509.410156	7518.97998
7518.589844	7601.120117
7601.120117	7634.580078
7634.580078	7676.640137
7676.640137	7715.350098
7715.359863	7743.339844
7743.359863	7747.52002
7747.52002	7687.419922
7687.419922	7692.990234
7692.990234	7645.279785
7645.470215	7756.540039
7756.540039	7760.850098
7760.77002	7759.240234
7759.240234	7775.850098
7775.640137	7731.279785
7731.279785	7743.430176
7743.430176	7762.600098
7762.629883	7790.990234
7790.990234	7825
7825.009766	7852.180176
7852.180176	7815.709961
7815.75	7814
7814	7778.589844
7778.589844	7777.27002
7777.27002	7806.75
7806.700195	7833.77002
7833.799805	7841.899902
7841.890137	7767.850098
7767.850098	7795.759766
7795.75	7788.140137
7788.109863	7753.950195
7753.970215	7912.410156
7912.399902	7962.939941
7962.939941	7944.060059
7944.060059	8031.660156
8031.689941	8053.419922
8053.419922	8030.589844
8030.589844	8063.509766
8063.47998	8008.089844
8008.200195	8025.939941
8025.930176	7992.600098
7992.560059	7953.009766
7953.629883	8018.220215
8018.220215	7902.27002
7902.379883	7953.919922
7953.919922	7973.02002
7973.02002	7969.490234
7969.490234	8044
8044.089844	8096.140137
8096.140137	8105.25
8105.25	8106.549805
8106.450195	8112.220215
8112.220215	8038
8037.950195	8001.399902
8001.410156	8019.870117
8019.890137	7932.5
7932.5	7974.910156
7974.910156	7980.169922
7980.169922	7980
7980	7947.799805
7947.819824	8021.569824
8021.540039	8019.759766
8019.759766	8086.740234
8086.759766	8092.419922
8092.27002	8082.660156
8082.640137	8128.200195
8128.189941	8107.759766
8107.759766	8126.029785
8126.029785	8139.669922
8139.640137	8060.609863
8060.450195	8130.629883
8130.629883	8126.529785
8126.529785	8119.910156
8119.910156	8067.439941
8020.459961	8017.359863
8017.319824	8026.089844
8026.089844	8007.830078
8007.790039	8079.240234
8079.240234	8114.109863
8114.100098	8197.599609
8197.639648	8236.69043
8236.700195	8261.919922
8262.129883	8271.610352
8271.580078	8255.639648
8255.639648	8199.839844
8199.839844	8255.879883
8255.80957	8227.040039
8227.030273	8252.389648
8252.379883	8232.019531
8232.019531	8175.720215
8175.720215	8249.379883
8249.379883	8271.790039
8271.860352	8233.200195
8233.230469	8269.650391
8269.650391	8324.75
8324.759766	8369.169922
8369.169922	8359.820312
8359.709961	8270.650391
8270.679688	8283.080078
8282.790039	8214.459961
8214.459961	8220.549805
8220.55957	8227.950195
8227.94043	8242.150391
8242.129883	8389.44043
8389.429688	8431.25
8431.219727	8422.129883
8422.240234	8461.05957
8461.05957	8440.589844
8440.570312	8405.919922
8405.94043	8429.860352
8429.740234	8440.5
8440.5	8471.429688
8471.429688	8461.75
8461.929688	8541.799805
8541.759766	8497.230469
8497.389648	8531.610352
8531.620117	8632.94043
8632.94043	8623.219727
8623.219727	8646.959961
8646.959961	8631.589844
8631.419922	8526.740234
8526.759766	8411.259766
8411.25	8378.209961
8378.209961	8387.570312
8387.570312	8199.379883
8199.379883	8148.180176
8148.149902	8176.060059
8176.009766	8094.799805
8094.799805	8094.959961
8094.640137	8062.930176
8063.109863	8187.399902
8187.419922	8241.150391
8241.150391	8110.990234
8110.990234	8189.109863
8189.109863	8270.879883
8270.889648	8305.25
8305.219727	8145.529785
8145.700195	8100.709961
8100.77002	8037.060059
8037.080078	7992.490234
7992.5	7965.319824
7965.290039	7855.439941
7855.459961	7719.779785
7719.779785	7780.330078
7780.330078	7976.450195
7976.450195	7933.859863
7933.879883	7850.22998
7850.290039	7860.359863
7860.279785	7953.459961
7953.569824	7920.319824
7920.220215	7924.620117
7924.620117	7966.790039
7966.790039	7886.47998
7886.5	7929.700195
7929.709961	8138.859863
8138.839844	8169.069824
8169.069824	8241.509766
8241.509766	8163.939941
8163.850098	8197.839844
8197.80957	8155.049805
8154.939941	8175.180176
8175.180176	8206.280273
8206.269531	8113.180176
8113.060059	7991.850098
7992.02002	7950.069824
7950.069824	7892.870117
7892.879883	7898.359863
7898.390137	8076.649902
8076.689941	8007.529785
8007.589844	7953.140137
7953.149902	8099.939941
8099.939941	8149.77002
8149.759766	8164.259766
8164.27002	8144.859863
8144.859863	8254.980469
8255.019531	8242.120117
8242.230469	8206.099609
8206.110352	8259.910156
8259.910156	8262.44043
8262.469727	8270.919922
8270.790039	8238.530273
8238.55957	8210.19043
8210.290039	8192.629883
8192.610352	8209.780273
8209.660156	8163.279785
8163.279785	8169.680176
8169.680176	8296.019531
8296.030273	8357.400391
8357.360352	8354.070312
8354.080078	8379.929688
8379.929688	8361.700195
8361.709961	8364.240234
8364.150391	8320.19043
8320.259766	8327.570312
8327.660156	8318.030273
8318.040039	8359.179688
8359.179688	8383.639648
8383.620117	8388.379883
8388.339844	8388.55957
8388.679688	8435.75
8435.75	8452.959961
8452.910156	8345.219727
8345.19043	8287.80957
8287.80957	8294.639648
8294.639648	8262.169922
8262.290039	8348.320312
8348.320312	8382.700195
8382.679688	8357.80957
8357.830078	8363.450195
8363.459961	8390.469727
8390.490234	8347.570312
8347.570312	8391.839844
8391.839844	8373.30957
8373.30957	8344.669922
8344.669922	8398.379883
8398.580078	8451.790039
8451.780273	8476.509766
8476.509766	8490.679688
8490.379883	8469.650391
8469.669922	8461.379883
8461.389648	8447.830078
8447.830078	8538.669922
8538.589844	8570.480469
8570.480469	8534.320312
8534.320312	8538.400391
8538.400391	8563.599609
8563.610352	8540.639648
8540.780273	8626.860352
8626.759766	8645.5
8645.370117	8692.459961
8692.459961	8646.450195
8646.269531	8663.549805
8663.519531	8700.80957
8700.830078	8702.030273
8702.030273	8736.589844
8736.570312	8750.070312
8750.070312	8795.759766
8795.769531	8845.320312
8845.30957	8779.870117
8779.870117	8766.780273
8766.780273	8774.980469
8774.980469	8718.139648
8718.139648	8722.570312
8722.660156	8716.759766
8716.759766	8819.620117
8819.620117	8835.219727
8835.099609	8857.549805
8857.480469	8813.730469
8813.769531	8827.980469
8827.929688	8823.980469
8824.05957	8880.469727
8880.459961	8901.549805
8901.620117	8894.480469
8894.480469	8897.169922
8897.150391	8884.169922
8884.169922	8918.080078
8917.980469	8948.94043
8948.929688	8933.429688
8933.269531	8820.589844
8820.639648	8851.639648
8851.679688	8947.169922
8947.200195	8969
8969	8949.070312
8949.070312	9019.030273
9019.040039	9064.929688
9064.900391	9047.759766
9047.959961	9041.980469
9041.980469	9042.19043
9042.19043	9064.69043
9064.69043	9059.259766
9059.269531	9082.129883
9082.120117	9147.200195
9147.219727	9140.389648
9140.410156	9105.049805
9105.019531	9139.44043
9139.450195	9128.879883
9128.879883	9103.450195
9103.589844	9062.129883
9062.150391	9102.25
9102.549805	9179.400391
9179.400391	9172.759766
9172.759766	9139.019531
9137.959961	9133.080078
9132.25	9113.160156
9113.160156	9025.040039
9025.040039	9041.120117
9041.099609	9023.900391
9023.900391	9003.120117
9003.160156	9063.089844
9063.089844	9139.94043
9139.94043	9139.55957
9139.709961	9146.259766
9146.259766	9125.379883
9125.469727	9179.530273
9181.259766	9130.919922
9130.919922	9199.730469
9199.769531	9268.490234
9268.459961	9154.660156
9154.650391	9154.099609
9154.110352	9139.549805
9139.549805	9206.389648
9205.839844	9254.730469
9254.839844	9327.69043
9327.709961	9325.240234
9325.259766	9313.209961
9312.990234	9345.25
9345.240234	9353.620117
9353.620117	9345.540039
9345.55957	9291.650391
9291.650391	9258.320312
9258.330078	9351.349609
9351.349609	9427.30957
9427.30957	9434.959961
9434.959961	9433.419922
9433.419922	9453.929688
9453.709961	9433.530273
9433.419922	9433.05957
9433.089844	9420.200195
9420.19043	9421.44043
9421.25	9088.650391
9079.419922	9124.540039
9124.540039	9074.269531
9074.269531	8957.969727
8957.950195	8837.969727
8837.969727	9006.009766
9006.009766	8999.200195
8999.570312	9078.650391
9078.650391	9094.990234
9094.790039	9120.929688
9120.980469	8926.879883
8926.959961	8958.599609
8958.610352	9005.25
9005.339844	8983.009766
8983.099609	9091
9091.089844	9158.269531
9158.269531	9317.730469
9317.709961	9313.820312
9313.80957	9338.400391
9338.400391	9341.360352
9341.349609	9288.790039
9288.790039	9218.530273
9218.530273	9279.080078
9279.139648	9261.820312
9261.839844	9305.549805
9305.650391	9381.459961
9381.469727	9398.55957
9398.570312	9426.570312
9426.629883	9429.209961
9429.25	9468.700195
9468.709961	9413.629883
9413.629883	9477.759766
9477.759766	9522.860352
9522.860352	9625.530273
9625.589844	9631.69043
9631.679688	9634.870117
9634.839844	9601.69043
9601.700195	9697.339844
9697.269531	9660.55957
9660.490234	9648.5
9648.5	9746.570312
9746.570312	9715.490234
9715.320312	9705.360352
9705.360352	9627.730469
9627.730469	9639.790039
9639.790039	9718
9717.990234	9753.94043
9753.959961	9793
9793.009766	9825.089844
9825.05957	9788.030273
9787.990234	9827.929688
9827.919922	9669.370117
9669.370117	9787.030273
9787.040039	9765.379883
9765.379883	9764.730469
9764.730469	9825.429688
9825.410156	9818.980469
9818.990234	9893.740234
9893.990234	9897.459961
9897.009766	9900.959961
9900.950195	9913.660156
9913.660156	9812.509766
9812.549805	9876.110352
9876.120117	9892.490234
9892.129883	9963.610352
9963.69043	9978.639648
9978.740234	10042.59961
10042.58008	10064.04981
10064	10001.46973
10001.2002	9895.009766
9895.019531	9720.94043
9721.110352	9826.070312
9826.070312	9841.730469
9841.530273	9724.490234
9724.820312	9863.5
9863.540039	9926.790039
9927.030273	10013.92969
10013.91016	10005.46973
10005.40039	10026.51953
10026.50977	9905.080078
9905.349609	9960.790039
9960.790039	9848.969727
9849.019531	9807.209961
9807.849609	9774.290039
9774.280273	9848.910156
9848.820312	9865.769531
9865.860352	9873.019531
9873.019531	9997.429688
9997.44043	10032.61035
10032.49023	10026.24023
10026.32031	10075.38965
10075.50977	10099.59961
10099.41992	9953.570312
9953.570312	10014.67969
10014.70996	10197.69043
10197.57031	10220.66992
10220.65039	10188.17969
10188.44043	10170.36035
10170.16992	10148.28027
10148.29981	10194.00977
10194.00977	10072.92969
10073.25	10121.58008
10121.54004	9909.950195
9910.009766	9930.360352
9930.370117	9654.379883
9654.379883	9508.230469
9508.070312	9623.179688
9623.330078	9554.5
9554.5	9573.049805
9573.049805	9619.330078
9619.370117	9370.599609
9371.009766	9553.769531
9553.769531	9606.070312
9606.070312	9746.200195
9746.150391	9449.30957
9449.019531	9435.040039
9435.200195	9428.860352
9428.799805	9254.269531
9254.280273	9089.040039
9089.040039	9087.099609
9087.75	9314.990234
9315.049805	9326.209961
9326.209961	9332.540039
9332.540039	9477.129883
9477.129883	9478.620117
9478.599609	9607.040039
9607.040039	9528.929688
9528.709961	9289.490234
9289.5	9508.919922
9508.919922	9456.639648
9456.669922	9596.980469
9597.009766	9698.679688
9698.679688	9583.169922
9583.200195	9637.549805
9637.469727	9486.44043
9486.44043	9457.639648
9457.679688	9597.610352
9597.610352	9598.730469
9598.740234	9678.120117
9678.139648	9673.650391
9673.650391	9607.75
9607.790039	9909.030273
9909.110352	9970.900391
9970.849609	9936.469727
9936.660156	9981.830078
9981.820312	9946.419922
9946.129883	9933.820312
9933.910156	9980.120117
9980.320312	10056.9502
10056.9502	10039.28027
10039.29981	10184.5
10184.5	10175.83984
10175.83008	10101.03027
10101.01953	10142.92969
10142.92969	10247.92969
10247.96973	10186.42969
10186.42969	10280.30957
10279.94043	10264.5
10264.50977	10245.25
10245.25	10301.49023
10301.66992	10216.29004
10216.29981	10125.40039
10125.40039	10165.29981
10165.21973	10174.61035
10174.58984	9920.269531
9919.860352	9930.780273
9930.780273	10040.99023
10040.75977	10009.29981
10009.30957	10029.54981
10029.55957	10189.12988
10189.13965	10256.21973
10256.16016	10164.96973
10165.4502	10311.61035
10311.54981	10022.08008
10022.26953	10052.25977
10051.9502	9958.820312
9959.030273	10102.41016
10102.41992	9830.150391
9830.19043	9877.469727
9875.799805	9733.339844
9733.339844	9569.969727
9570.709961	9860.980469
9861.009766	9809.150391
9809.049805	9652.519531
9652.650391	9701.379883
9701.200195	9497.330078
9497.330078	9575.290039
9574.950195	9405.219727
9405.19043	9582.980469
9582.94043	9389.5
9389.530273	9521.759766
9522.030273	9791.049805
9791	9773.570312
9773.570312	9856.849609
9856.80957	9811.860352
9811.790039	9748.379883
9747.740234	9887.599609
9887.5	10030.15039
10030.20996	10023.58008
10023.79981	10104.41992
10104.54981	9838.259766
9838.259766	9921.639648
9921.519531	9864.280273
9863.80957	9698.370117
9698.360352	9528.669922
9528.679688	9602.549805
9602.549805	9586.070312
9586.070312	9622.269531
9622.269531	9787.929688
9788.030273	9873.480469
9873.419922	9894.150391
9894.05957	9779.299805
9779.490234	9803.889648
9803.830078	9740.320312
9740.30957	9647.5
9647.509766	9656
9655.919922	9432.030273
9431.959961	9462.240234
9462.679688	9326.080078
9326.099609	9424.69043
9424.679688	9490.759766
9490.759766	9347.469727
9347.570312	9439.339844
9439.330078	9172.169922
9172.160156	9073.429688
9073.419922	8818.950195
8818.950195	8794.860352
8794.860352	8661.169922
8661.05957	8805.679688
8805.530273	8942.25
8942.30957	8827.5
8827.629883	8978.410156
8978.410156	9046.019531
9045.969727	8994.450195
8994.080078	9126.160156
9126.169922	9277.580078
9277.589844	9202.110352
9201.540039	8874.5
8874.610352	8818.110352
8819.719727	8859.040039
8859.040039	8823.120117
8823.110352	8868.280273
8868.259766	8965.349609
8965.360352	9073.480469
9073.490234	8968.410156
8968.410156	8970.759766
8970.839844	9023.040039
9022.980469	9073.959961
9074.049805	8977.730469
8977.769531	9064.830078
9064.830078	9210.080078
9209.5	9302.799805
9302.429688	9292.889648
9292.679688	9221.879883
9221.879883	8962.459961
8962.459961	8970.389648
8970.259766	8891.450195
8891.44043	8962.419922
8962.330078	8765.410156
8765.019531	8676.269531
8676.280273	8534.370117
8534.480469	8842.679688
8842.660156	8781.230469
8781.219727	8827.160156
8827.080078	8635.919922
8634.360352	8489.379883
8489.389648	8826.44043
8826.540039	8549.5
8549.509766	8717.55957
8717.540039	8859.610352
8859.240234	8936.230469
8936.230469	8881.549805
8881.769531	8817.169922
8817.290039	8762.120117
8761.870117	8797.290039
8797.160156	9088.490234
9088.150391	9104.459961
9104.290039	9140.639648
9140.650391	9157.530273
9157.530273	9184.719727
9184.429688	9150.629883
9150.370117	9074.820312
9074.860352	9096.860352
9096.860352	8936.110352
8936.330078	8922.839844
8922.839844	8978.19043
8979.830078	9203.759766
9203.759766	9173.80957
9173.849609	9310.240234
9310.25	9312.290039
9312.349609	9227.969727
9227.969727	9237.290039
9237.330078	9250.219727
9250.219727	9344.30957
9344.290039	9349.610352
9349.599609	9285.910156
9285.860352	9299.599609
9299.599609	9395.040039
9395.080078	9451.169922
9451.230469	9438.099609
9438.349609	9510.980469
9510.969727	9339.469727
9339.469727	9388.540039
9388.299805	9327.969727
9328.110352	9417.969727
9418.05957	9410.459961
9410.480469	9437.450195
9437.110352	9553.519531
9553.610352	9603.009766
9603.030273	9602.780273
9602.780273	9536.009766
9536	9397.030273
9397.070312	9433.349609
9433.389648	9315.780273
9315.700195	9314.019531
9314.030273	9364.339844
9364.330078	9371.870117
9371.959961	9401.080078
9401.099609	9316.610352
9316.620117	9262
9261.849609	9212.759766
9212.75	9408.490234
9408.299805	9152.509766
9152.519531	9149.089844
9148.709961	9067.099609
9067.120117	8941.269531
8941.389648	8947.730469
8947.780273	9063.230469
9063.099609	9087.879883
9088.019531	9074.410156
9074.530273	8999.55957
8999.610352	8988.839844
8988.820312	8829.25
8829.299805	8841.889648
8841.830078	8803.339844
8803.219727	8865.799805
8865.099609	8640.740234
8640.730469	8623.509766
8623.55957	8660.480469
8660.290039	8641.280273
8641.110352	8465.509766
8465.490234	8481.540039
8481.599609	8400.209961
8400.219727	8515.790039
8516.030273	8371.629883
8371.509766	8435.94043
8436.150391	8347.240234
8347.299805	8287.759766
8287.75	8157.799805
8157.799805	8332.820312
8332.870117	8415.049805
8415.05957	8453.849609
8453.870117	8499.740234
8499.730469	8566.650391
8566.650391	8580.570312
8580.669922	8369.910156
8369.919922	8395.580078
8395.549805	8260.19043
8260.389648	8419.200195
8419.110352	8565.30957
8565.160156	8438.639648
8438.709961	8379.150391
8379.160156	8268.650391
8268.700195	8471.849609
8471.839844	8501.44043
8501.700195	8338.400391
8338.290039	8460.320312
8460.240234	8492.94043
8492.509766	8398.709961
8398.700195	8375.389648
8375.330078	8385.969727
8385.849609	8383.669922
8383.790039	8281.860352
8281.80957	8212.469727
8212.459961	8276.910156
8276.709961	8314.139648
8314.139648	8373.549805
8373.549805	8229.030273
8228.849609	8263.719727
8263.75	8349.839844
8349.839844	8466.120117
8466.070312	8382.080078
8382.769531	8296.969727
8296.980469	8269.25
8269.209961	8008.25
8008.22998	8033.759766
8033.830078	8168.620117
8168.589844	7871.149902
7871.390137	7957.259766
7957.379883	8011.25
8010.879883	8091.839844
8091.569824	7680.149902
7680.060059	7793.129883
7793.129883	7440.390137
7440.390137	7775.160156
7775.169922	8187.129883
8187.140137	7918.609863
7918.620117	7785.27002
7785.279785	7768.819824
7768.790039	7927.870117
7927.859863	7890.370117
7890.370117	7204.009766
7204.009766	7532.799805
7532.799805	7519.950195
7519.950195	7155.410156
7155.410156	7088.939941
7088.939941	6754.910156
6754.899902	6388.379883
6388.379883	6306.350098
6306.350098	5809.97998
5809.97998	5704.129883
5704.129883	6400.959961
6401	6380.529785
6380.52002	5759.959961
5760.069824	5970.899902
5970.899902	5948.799805
5948.799805	6287.600098
6287.600098	6051.339844
6051.350098	5630.470215
5630.470215	5671.930176
5671.930176	5427.540039
5427.540039	5196.529785
5196.540039	5733.450195
5733.490234	5774.890137
5774.890137	5975.029785
5975.029785	6061.089844
6061.089844	6054.97998
6054.97998	6345.089844
6345.089844	6012.169922
6012.060059	5667.399902
5667.390137	5871.97998
5871.990234	5802.049805
5802.060059	5634.370117
5634.259766	5320.700195
5320.72998	5715.790039
5715.790039	5452.629883
5452.629883	5323.359863
5323.359863	5365.660156
5365.669922	5011.990234
5011.990234	4651.209961
4651.209961	4959.790039
4959.790039	5313.759766
5313.759766	5375.359863
5375.359863	5547.379883
5547.379883	5599.299805
5599.290039	5092.660156
5092.709961	5308.950195
5308.72998	5405.549805
5405.600098	5232.259766
5232.259766	5401.25
5401.25	5639.680176
5639.669922	5522.459961
5522.470215	5631.069824
5631.180176	5504.72998
5504.709961	5543.959961
5543.959961	5497.899902
5497.910156	5804.970215
5804.959961	5769.799805
5769.799805	5617.759766
5617.759766	5616.120117
5616.120117	5520.819824
5520.819824	5468.279785
5468.279785	5487.330078
5487.330078	5538.189941
5538.189941	5534.640137
5534.680176	5670
5670	5757.049805
5755.759766	5915.72998
5915.720215	5908.430176
5908.390137	5968.839844
5968.839844	5799.049805
5799.049805	5837.140137
5838.569824	5702.370117
5702.379883	5551.029785
5551.029785	5538.839844
5538.689941	5328.680176
5328.680176	5347.75
5347.75	5387.5
5387.5	5058.060059
5058.060059	5273.990234
5273.990234	5171.680176
5170.910156	5195.549805
5195.549805	5244.609863
5244.629883	5315.439941
5315.439941	5501.459961
5501.459961	5300.899902
5300.600098	5195.790039
5195.790039	5166.470215
5166.529785	5268.02002
5268.02002	5242.75
5242.759766	5326.009766
5326.009766	5475.279785
5475.279785	5479.879883
5478.890137	5214.709961
5214.700195	5252.680176
5252.629883	5256.450195
5256.450195	5206.759766
5206.75	4939.109863
4939.120117	4924.540039
4924.540039	4881.160156
4881.160156	4804.509766
4804.589844	4633.779785
4633.779785	4821.740234
4821.649902	4753.169922
4753.169922	4713.02002
4713.02002	4617.029785
4617.029785	4360.97998
4360.97998	4334.700195
4334.700195	4464.890137
4464.890137	4267.600098
4267.629883	4284.490234
4284.47998	4226.310059
4226.310059	4499.379883
4499.620117	4505.379883
4505.379883	4684.990234
4684.990234	4721
4721.080078	4728.910156
4728.910156	4868.140137
4868.140137	4975.299805
4975.299805	4937.220215
4937.220215	4832.129883
4832.149902	5185.859863
5185.839844	5064.330078
5064.319824	5127
5127	5230.529785
5230.529785	5096.640137
5100.560059	4899.049805
4899.049805	4978.97998
4978.959961	5085.759766
5085.759766	5267.100098
5267.100098	5318.75
5318.72998	5249.47998
5249.47998	5120.669922
5120.859863	5176.410156
5176.410156	5376.439941
5376.439941	5410.279785
5410.27002	5301.5
5301.5	5384.970215
5384.990234	5454.27002
5454.27002	5480.600098
5480.600098	5220.120117
5220.120117	5339.589844
5339.580078	5290.609863
5290.609863	5372.100098
5372.100098	5468.410156
5468.330078	5389.830078
5389.819824	5369.850098
5369.859863	5516.140137
5516.149902	5513.359863
5513.359863	5568.759766
5568.759766	5800.220215
5800.220215	5770.759766
5770.759766	5890.549805
5890.549805	5800.089844
5800.089844	6000.390137
6000.390137	5849.299805
5849.299805	5859.140137
5858.430176	5666.470215
5666.459961	5733.450195
5733.450195	5662.890137
5662.890137	5865.870117
5865.879883	5872.220215
5872.22998	5870.390137
5869.240234	5780.540039
5780.540039	5789.620117
5789.620117	5936.580078
5936.52002	5823.560059
5823.859863	5917.060059
5917.02002	6004.069824
6004.069824	6169.069824
6169.080078	6182.870117
6182.580078	6033.899902
6033.680176	6110.759766
6110.759766	6082.640137
6082.560059	6068.560059
6068.669922	6101.569824
6101.580078	6098.060059
6098.060059	6163.129883
6162.330078	6148.609863
6148.609863	5967.259766
5967.27002	5886.759766
5886.740234	5864.549805
5864.589844	5906.200195
5906.200195	5934.240234
5933.910156	5725.069824
5725.069824	5759.490234
5759.5	5795.720215
5795.720215	5911.029785
5910.890137	5906.959961
5906.959961	5962.5
5962.509766	5905.149902
5905.160156	5954.009766
5954	5775.240234
5775.22998	5770
5770	5654.640137
5654.640137	5624.569824
5624.569824	5667.370117
5667.370117	5627.52002
5627.52002	5761.370117
5761.359863	5805.580078
5805.580078	5993.160156
5993.160156	6043.049805
6043.049805	6038.109863
6038.109863	6141.299805
6141.299805	6154.390137
6154.370117	6151.399902
6151.410156	6302.52002
6302.509766	6337.459961
6320.240234	6364.660156
6364.649902	6328.669922
6328.680176	6280.569824
6280.569824	6384.310059
6384.310059	6424.279785
6424.279785	6565.649902
6565.649902	6569.140137
6569.140137	6558.189941
6558.189941	6517.669922
6517.669922	6586.709961
6586.709961	6550.049805
6550.02002	6463.620117
6463.580078	6538.870117
6538.870117	6604.100098
6604.100098	6537.819824
6537.819824	6352.109863
6352.109863	6437.069824
6437.069824	6479.279785
6479.279785	6553.399902
6553.399902	6676.259766
6676.259766	6671.140137
6671.22998	6697.220215
6697.220215	6687.939941
6687.950195	6722.310059
6722.310059	6709.040039
6709.009766	6643.240234
6643.240234	6487.810059
6487.799805	6474.790039
6474.799805	6546.600098
6546.600098	6637.129883
6637.149902	6726.069824
6726.080078	6772.399902
6772.390137	6850.810059
6850.810059	6843.819824
6843.819824	6879.990234
6879.990234	6917.069824
6917.069824	7038.140137
7038.129883	7002.169922
7002.169922	7016.919922
7016.919922	6968.589844
6968.589844	7047.129883
7046.910156	6964.689941
6964.689941	6862.310059
6862.290039	6823.509766
6823.52002	6939.759766
6939.77002	6926.819824
6926.819824	6910.879883
6910.870117	6718.049805
6718.040039	6674.569824
6674.589844	6795.129883
6795.129883	6899.680176
6899.680176	6912.649902
6912.790039	6990.669922
6990.540039	7015.540039
7015.560059	7051.160156
7051.160156	7031.870117
7031.890137	7182.379883
7182.370117	7204.049805
7204.049805	7133.959961
7133.959961	7222.209961
7222.209961	7158.27002
7157.899902	7107.209961
7107.209961	7182.910156
7182.939941	7066.799805
7066.799805	6960.089844
6960.089844	6932.040039
6932.040039	6765.689941
6765.700195	6955.310059
6955.299805	6739.450195
6739.470215	6784.939941
6784.790039	6812.700195
6812.700195	6830.430176
6830.439941	6950.140137
6950.140137	6958.290039
6958.290039	7135.330078
7135.319824	7126.419922
7126.430176	7155.359863
7155.359863	7063.049805
7063.049805	7119.890137
7119.899902	7237.100098
7237.100098	7234.060059
7234.060059	7226.709961
7226.680176	7117.640137
7117.629883	7084.470215
7084.470215	7186.330078
7186.330078	7170.259766
7170.27002	7232.120117
7232.120117	7070.089844
7070.089844	7092.359863
7092.359863	7212.080078
7212.080078	7222.419922
7222.669922	7157.049805
7157.080078	7182.709961
7182.660156	7155.72998
7155.720215	7056.259766
7056.47998	7067.620117
7067.620117	7104.5
7104.509766	7125.120117
7125.350098	7186.490234
7186.459961	7141.439941
7141.439941	7180.77002
7180.75	7063.75
7063.890137	7086.189941
7086.100098	7147.149902
7147.180176	7184.180176
7184.180176	7217.200195
7217.049805	7255
7255	7261.240234
7261.299805	7252.189941
7252.169922	7241.240234
7241.25	7184.959961
7184.97998	7326.740234
7326.740234	7354.870117
7354.850098	7377.700195
7377.700195	7393.930176
7393.930176	7425.350098
7425.609863	7449.049805
7449.049805	7370.450195
7370.470215	7430.140137
7430.140137	7448.52002
7448.509766	7356.790039
7356.790039	7443.680176
7443.669922	7329.830078
7329.839844	7174.459961
7174.459961	7030.609863
7030.609863	7073.129883
7073.140137	7028.319824
7028.419922	7035.609863
7035.620117	6956.990234
6956.990234	6883.779785
6883.790039	7008.22998
7008.470215	7101.439941
7101.430176	7042.620117
7042.569824	6787.859863
6787.859863	6782.75
6782.740234	6713.870117
6713.899902	6835.160156
6835.160156	6819.120117
6819.120117	6898.720215
6898.720215	6874.560059
6874.560059	7013.350098
7013.350098	7035.200195
7035.189941	7080.379883
7080.379883	7083.25
7083.25	7078.529785
7078.529785	6974.600098
6974.600098	7030.669922
7030.609863	7013.450195
7013.450195	7035.040039
7035.049805	7100.75
7100.799805	7135.970215
7135.970215	7164.660156
7164.669922	7173.069824
7173.209961	7291.310059
7291.310059	7292.529785
7292.529785	7294.02002
7294.040039	7327.669922
7327.669922	7353.240234
7353.240234	7362.850098
7362.810059	7350.959961
7350.959961	7426.700195
7426.700195	7474.129883
7474.140137	7443.569824
7443.609863	7386.850098
7386.830078	7419.02002
7419.009766	7478.859863
7478.72998	7408.160156
7408.180176	7385.600098
7385.600098	7403.580078
7403.799805	7464.899902
7464.899902	7460.720215
7460.759766	7447.799805
7447.939941	7539.049805
7539.029785	7600.930176
7600.910156	7604.439941
7604.430176	7546.180176
7546.149902	7565.330078
7565.419922	7629.049805
7629.040039	7641.75
7641.75	7638.350098
7638.390137	7728.959961
7728.950195	7719.660156
7719.629883	7584.620117
7584.609863	7596.560059
7596.560059	7669.109863
7669.100098	7644.669922
7644.589844	7642.830078
7642.830078	7701.609863
7701.609863	7677.649902
7677.640137	7463.089844
7463.089844	7499.720215
7499.72998	7589.290039
7589.290039	7474.399902
7474.430176	7543.120117
7543.109863	7337.25
7337.25	7258.02002
7257.899902	7011.919922
7011.910156	6916.180176
6916.180176	7257.620117
7257.589844	7221.660156
7221.97998	7316.359863
7316.359863	7234.370117
7234.149902	7077.640137
7077.669922	7063.830078
7063.830078	6959.209961
6959.189941	6927.209961
6927.209961	6653
6653	6775.450195
6775.439941	6666.740234
6666.72998	6665.830078
6665.839844	6631.359863
6631.359863	6893.290039
6893.290039	6791.569824
6791.439941	6661.100098
6661.100098	6839.609863
6839.609863	6860.390137
6860.330078	6600.27002
6600.22998	6512.419922
6512.419922	6596.120117
6596.149902	6559.709961
6559.779785	6783.509766
6783.5	6814.759766
6814.779785	6817.970215
6817.97998	6989.879883
6989.859863	6976.080078
6976.089844	6982.040039
6982.040039	6988.25
6988.240234	6978.859863
6978.859863	6858.950195
6858.950195	6850.049805
6850.02002	6730.240234
6730.209961	6763.930176
6763.930176	6736.600098
6735.569824	6520.089844
6520.180176	6469.649902
6469.649902	6462.029785
6462.049805	6434.810059
6434.839844	6486.089844
6486.140137	6685.779785
6685.810059	6755.810059
6755.810059	6808.709961
6808.709961	6794.47998
6794.450195	6907.779785
6907.759766	6903.359863
6903.359863	6916.810059
6916.72998	6709.509766
6709.52002	6739.640137
6739.379883	6820.040039
6820.120117	6731.160156
6731.160156	6901.910156
6901.939941	6965.109863
6965.149902	7046
7046.060059	7044.990234
7044.97998	6999.180176
6999.189941	6994.569824
6994.569824	6998.990234
6999.100098	7174.899902
7174.810059	7146.990234
7146.970215	7182.140137
7182.140137	7174.27002
7174.25	7153.720215
7153.75	7188.299805
7188.200195	7139.75
7139.740234	6902.709961
6902.700195	6881.939941
6881.830078	6861.040039
6860.850098	6871.580078
6871.620117	6959.790039
6959.790039	6968.080078
6967.990234	6850.450195
6850.379883	6813.149902
6813.180176	6784.970215
6784.950195	6681.029785
6681.029785	6696.120117
6696.169922	6665.259766
6665.310059	6794.910156
6794.910156	6695.279785
6695.240234	6704.149902
6704.22998	6910.97998
6910.97998	6966.25
6966.330078	7055.029785
7055.240234	6959.939941
6959.939941	6999.939941
6999.970215	7034.370117
7034.370117	7067.509766
7067.529785	7156.180176
7156.180176	7162.080078
7162.080078	7179.790039
7179.77002	7169.47998
7169.470215	7154.649902
7154.660156	7266.02002
7266.009766	7245.950195
7245.959961	7210.850098
7210.790039	7141.509766
7141.549805	7301.040039
7301.029785	7263.370117
7263.370117	7310.319824
7310.27002	7299.310059
7299.319824	7281.069824
7281.089844	7335.910156
7335.910156	7272.529785
7272.569824	7434.180176
7434.169922	7448.330078
7448.330078	7425.009766
7425	7478.419922
7478.379883	7479.009766
7478.799805	7489.620117
7489.669922	7561.5
7561.5	7546.589844
7546.640137	7520.600098
7520.640137	7571.100098
7571.089844	7423.649902
7423.649902	7523.810059
7523.830078	7515.669922
7515.680176	7522.910156
7522.959961	7546.379883
7546.379883	7530.799805
7530.740234	7480.870117
7480.870117	7504.850098
7504.850098	7513.350098
7513.370117	7509.209961
7509.509766	7582.140137
7582.140137	7608.410156
7608.430176	7782.430176
7782.430176	7800.660156
7800.649902	7782.200195
7782.200195	7702.310059
7702.310059	7747.459961
7747.419922	7723.240234
7723.220215	7623.240234
7623.259766	7617.509766
7617.470215	7472.629883
7472.689941	7488.759766
7488.870117	7619.939941
7619.919922	7641.080078
7641.060059	7610.299805
7610.290039	7470.77002
7470.790039	7579.259766
7579.259766	7500.540039
7500.540039	7483.339844
7483.310059	7430.939941
7430.950195	7603.72998
7603.72998	7712.25
7712.290039	7751.580078
7751.580078	7740.689941
7740.77002	7739.640137
7739.640137	7750.319824
7750.330078	7782.140137
7782.140137	7823.299805
7823.319824	7850.02002
7850.029785	7855.220215
7855.220215	7798.779785
7798.25	7840.240234
7840.240234	7835.310059
7835.310059	7846.959961
7846.990234	7906.100098
7906.109863	7931.759766
7931.759766	7925.359863
7925.359863	7920.939941
7920.930176	7931.669922
7931.669922	7961.47998
7961.47998	7951.910156
7951.919922	7964.02002
7964.040039	8043.970215
8044	8022.180176
8022.180176	8040.040039
8040.029785	8000.899902
8000.899902	7980.319824
7980.310059	7966.089844
7966.109863	8018.680176
8018.75	8122.97998
8122.97998	8119.430176
8119.410156	8174.120117
8174.129883	8190.910156
8190.899902	8104.919922
8104.859863	8076.720215
8076.720215	8105.75
8105.720215	8157.419922
8157.399902	8141.129883
8141.209961	8193.639648
8193.639648	8207.05957
8207.05957	8062.640137
8062.649902	8139.160156
8139.200195	8290.089844
8290.05957	8272.570312
8272.55957	8289.049805
8289.05957	8288.5
8288.540039	8336.639648
8336.650391	8379.849609
8379.849609	8343.990234
8343.94043	8337.129883
8337.129883	8374.889648
8374.889648	8405.150391
8405.150391	8383.669922
8383.759766	8453.759766
8453.75	8497.410156
8497.410156	8507.900391
8507.870117	8325.860352
8325.860352	8292.919922
8292.94043	8276.290039
8276.44043	8378.040039
8378.05957	8438.549805
8438.549805	8315.849609
8315.820312	8338.759766
8338.759766	8465.450195
8465.450195	8413.049805
8413.049805	8337.019531
8337.019531	8394.040039
8394.040039	8379.44043
8379.44043	8200.070312
8200.070312	8248.530273
8248.530273	8193.959961
8193.959961	8092.109863
8092.109863	7929.870117
7929.870117	8064.859863
8064.859863	8116.399902
8116.399902	8256.360352
8256.360352	8228.410156
8228.410156	8248.830078
8248.830078	8311.610352
8311.610352	8321.780273
8321.780273	8296.519531
8296.519531	8345.379883
8345.379883	8416.69043
8416.69043	8404.980469
8404.980469	8469.339844
8469.339844	8482.410156
8482.410156	8488.389648
8488.389648	8508.230469
8508.230469	8489.330078
8489.330078	8483.94043
8483.94043	8445.769531
8445.769531	8360.459961
8360.459961	8367.30957
8367.30957	8374.160156
8374.160156	8400.30957
8400.30957	8277.110352
8277.110352	8332.030273
8332.030273	8457.650391
8277.110352	8504.360352
8504.360352	8485.25
8485.25	8554.990234
8554.990234	8609.280273
8609.280273	8639.730469
8639.730469	8671.410156
8671.410156	8649.610352
8649.610352	8584.679688
8584.679688	8506.610352
8506.610352	8397.400391
8397.400391	8425.900391
8397.400391	8478.19043
8478.19043	8550.490234
8550.490234	8428.089844
8428.089844	8456.179688
8456.179688	8371.669922
8371.669922	8336.589844
8336.589844	8333.070312
8333.070312	8407.480469
8407.480469	8427.950195
8427.950195	8357.530273
8357.530273	8236.549805
8236.549805	8252.459961
8252.459961	8295.370117
8295.370117	8341.660156
8341.660156	8386.339844
8386.339844	8477.280273
8477.280273	8281.589844
8281.589844	8277.759766
8277.759766	8222.150391
8222.150391	8115.870117
8115.870117	8131.689941
8131.689941	8081.350098
8081.350098	8149.649902
8149.649902	8016.390137
8016.390137	8017.060059
8017.060059	8132.77002
8132.77002	7967.810059
7967.810059	7963.600098
7963.600098	8000.109863
8000.109863	8032.220215
8032.220215	8156.27002
8156.27002	8101.839844
8101.839844	8054.080078
8054.080078	7974.720215
7974.720215	8031.080078
8031.080078	8135.97998
8135.97998	8228.5
8228.5	8319.099609
8319.099609	8425.480469
8425.480469	8404.629883
8404.629883	8396.480469
8396.480469	8476.129883
8476.129883	8410.19043
8410.19043	8228.730469
8228.730469	8192.75
8192.75	8246.799805
8246.799805	8191.129883
8191.129883	8227.040039
8191.129883	8135.529785
8227.040039	8254.379883
8135.529785	8281.830078
8254.379883	8411.450195
8411.450195	8408.200195
8408.200195	8357.570312
8408.200195	8331.669922
8357.570312	8153.209961
8153.209961	8124.029785
8153.209961	8079.439941
8124.029785	8040.930176
8079.439941	7831.97998
8040.930176	7853.200195
7831.97998	7428.399902
7853.200195	7419.069824
7428.399902	6895.970215
7419.069824	7258.040039
6895.970215	7101.240234
7258.040039	7257.580078
6938.22998	7303.879883
7303.879883	7482.709961
7303.879883	7394.490234
7394.490234	7418.939941
7418.939941	7079.410156
7079.410156	6970.100098
6970.100098	6980.620117
6970.100098	7209.589844
6980.620117	7273.129883
7273.129883	7149.669922
7273.129883	7245.819824
7149.669922	7450.299805
7450.299805	7464
7450.299805	7528.390137
7528.390137	7443.459961
7528.390137	7250.72998
7443.459961	7148.129883
7148.129883	7355.169922
7148.129883	7257.359863
7355.169922	7045.009766
7257.359863	7047.120117
7045.009766	7109.950195
7047.120117	7199.120117
7109.950195	7329.100098
7199.120117	7348.180176
7329.100098	7234.629883
7348.180176	7217.109863
7217.109863	6981.330078
7217.109863	6726.620117
6981.330078	6770.72998
6770.72998	6940.810059
6940.810059	7043.120117
7043.120117	6876.939941
6876.939941	6974.910156
6974.910156	6791.649902
6791.649902	6571.450195
6574.290039	6722.97998
6722.97998	6844.160156
6844.160156	6997.640137
6997.640137	6925.799805
6925.799805	7173.450195
7173.450195	7161.259766
7161.259766	7263.689941
7263.689941	7229.080078
7229.080078	7350.459961
7350.459961	7188.660156
7188.660156	7341.72998
7341.72998	7240.259766
7240.259766	7273.899902
7273.899902	7431.100098
7431.100098	7547.629883
7547.629883	7400.819824
7400.819824	7506.149902
7506.149902	7813.990234
7813.990234	7803.939941
7803.939941	7563.379883
7565.029785	7337.149902
7337.140137	7461.100098
7461.160156	7605.140137
7605.140137	7552.22998
7552.22998	7590.430176
7590.430176	7671.910156
7671.910156	7353.450195
7353.450195	7423.640137
7423.680176	7576.180176
7576.180176	7493.290039
7493.299805	7509.049805
7509.049805	7392.02002
7392.02002	7274.160156
7274.149902	7282.470215
7282.470215	7134.470215
7134.470215	7094.890137
7094.890137	6919.919922
6919.919922	6898.180176
6898.180176	7120.549805
7120.549805	7149.709961
7149.709961	7484.5
7484.5	7450.430176
7450.430176	7453.549805
7453.549805	7531.009766
7531.009766	7539.319824
7539.319824	7559.709961
7559.709961	7369.52002
7369.52002	7502.879883
7502.879883	7363.490234
7363.490234	7277.620117
7277.620117	7184.75
7184.75	7217.120117
7217.100098	7237.660156
7237.660156	7142.450195
7142.450195	7360.970215
7360.970215	7388.52002
7388.52002	7460.75
7460.75	7518.660156
7518.660156	7508.370117
7508.370117	7396.990234
7396.990234	7485.629883
7485.629883	7477.029785
7477.029785	7624.319824
7624.319824	7612.149902
7612.149902	7599.970215
7599.970215	7557.680176
7557.680176	7584.660156
7584.660156	7668.899902
7668.899902	7661.97998
7661.97998	7681.259766
7681.259766	7632.029785
7632.029785	7670.470215
7670.470215	7766.950195
7766.950195	7819.359863
7819.370117	7829.339844
7829.330078	7855.52002
7843.939941	7840.649902
7829.220215	7914.810059
7829.740234	7883.899902
7883.899902	7876.609863
7876.609863	7834.399902
7834.410156	7838.47998
7838.47998	7931.430176
7931.450195	7945.430176
7945.430176	8060.430176
8060.430176	8048.040039
8048.029785	8069.700195
8069.709961	8082.97998
8082.97998	8081.25
8081.25	7992.049805
7992.029785	8056.22998
8056.22998	8029.609863
8029.620117	7998.649902
7998.649902	8092.189941
8092.189941	8114.509766
8114.790039	8115.419922
8102.450195	8094.390137
8092.620117	8136.149902
8151.459961	8151.970215
8100.629883	8143.560059
8149.069824	8171.540039
8182.25	8113.240234
8136.129883	8175.109863
8157.660156	8125.169922
8109.52002	8091.279785
8000.430176	7920.350098
7936.399902	7979.779785
8038.799805	8082.47998
8087.890137	8102.100098
8102.100098	8086.279785
8086.279785	8234.480469
8223.759766	8185.27002
8194.769531	8246.719727
8265.44043	8270.400391
8262.30957	8297.469727
8247.150391	8241.269531
8241.570312	8219.339844
8154.189941	8141.319824
8139.279785	8180.049805
8228.19043	8288.780273
8289.580078	8239.330078
8234.830078	8188.350098
8137.919922	8166.370117
8201.269531	8206.929688
8206.94043	8281.120117
8264.25	8216.540039
8135.22998	8106.830078
8072.939941	8081.350098
7998.819824	7992.310059
7970	7841.910156
7917.220215	7912.850098
7927.640137	8039.950195
8013.009766	7931.089844
7970.279785	7949.560059
8000.790039	8064.040039
8029.129883	8030.370117
8035.47998	7995.910156
8030.240234	8025.439941
7936.419922	7940.740234
7952.040039	7988.009766
8037.169922	8070.790039
8051.140137	8123.069824
8143.540039	8151.910156
8132.950195	8119.060059
8115.060059	8164.040039
8164.02002	8124.319824
8123.02002	8049.890137
8030.029785	7933.290039
7907.580078	7948.77002
7901.140137	7887.259766
7802.52002	7820.25
7871.810059	7852.75
7799.609863	7815.879883
7739.430176	7705.439941
7696.009766	7635.810059
7656.77002	7592.819824
7588.220215	7480.419922
7503.759766	7427.740234
7443.870117	7542.97998
7555.299805	7542.580078
7492.910156	7540.899902
7558.790039	7552.339844
7543.330078	7534.330078
7583.399902	7615.029785
7543.359863	7471.399902
7477.689941	7463.959961
7368.410156	7292.22998
7302.790039	7285.529785
7270.399902	7338.620117
7389.919922	7517.459961
7584.069824	7519.830078
7480.009766	7553.77002
7609.339844	7459.290039
7459.279785	7557.819824
7533.600098	7506.419922
7515.939941	7582.819824
7613.040039	7664.259766
7630.799805	7662.290039
7704.120117	7766.259766
7770.27002	7757.919922
7754.319824	7566.109863
7609.859863	7616.589844
7540.209961	7491.870117
7502.490234	7527.080078
7546.799805	7598.049805
7544.169922	7597.5
7730.02002	7801.839844
7810.830078	7832.149902
7838.660156	7901.669922
7855.089844	7837.77002
7768.569824	7756.609863
7742.02002	7736.399902
7753.740234	7667.569824
7667.660156	7685.319824
7633.640137	7638.649902
7654.02002	7758.299805
7741.560059	7743.02002
7763.149902	7794.77002
7768.490234	7831.089844
7843.529785	7849.75
7795.359863	7759.589844
7670.430176	7670.540039
7667.100098	7590.609863
7618.080078	7607.569824
7691.75	7754.509766
7792.959961	7912.160156
7898.040039	7911.040039
7894.700195	7863.930176
7891.339844	7841.330078
7791.490234	7765.600098
7848.319824	7939.549805
7958.430176	7964.089844
7997.720215	8017.709961
7989.680176	8018.240234
8008	8025
7994.240234	8044.759766
8035.299805	8018.640137
8042.490234	8019.529785
8009.140137	8029.009766
8031.390137	8089.990234
8099.02002	8102.069824
8088.549805	8094.330078
8117	8082.680176
8061.200195	8074.200195
8063.799805	8011.439941
7993.430176	8047.870117
8056.410156	8036.240234
8026.169922	8033.850098
8034.97998	8031.649902
8003.52002	7966.22998
8012.990234	8014.930176
8012.870117	8002.310059
8001.060059	7992.009766
8038.029785	8160.560059
8191.810059	8234.509766
8221.700195	8192.389648
8209.259766	8246.139648
8272.089844	8267.30957
8262.900391	8407.030273
8442.150391	8458.870117
8442.490234	8408.959961
8388.549805	8387.429688
8397.790039	8400.480469
8345.330078	8372.910156
8411.580078	8377.509766
8341.879883	8356.55957
8376.709961	8274.780273
8252.919922	8221.320312
8249.980469	8303.740234
8303.69043	8251
8276.089844	8284.360352
8284.269531	8295.110352
8300.339844	8297.5
8328.019531	8376.330078
8410.700195	8384.070312
8347.980469	8359.110352
8347.700195	8279.110352
8271.790039	8229.169922
8281.830078	8256.589844
8256.389648	8227.080078
8244.610352	8293.5
8293.5	8386.469727
8400.959961	8446.509766
8427.790039	8442.820312
8423.950195	8324.139648
8320.780273	8329.179688
8252.879883	8195.30957
8219.889648	8179.259766
8231.490234	8211.910156
8202.80957	8190.200195
8190.200195	8221.400391
8231.669922	8311.360352
8335.410156	8234.910156
8217.589844	8240.25
8240.25	8312.349609
8242.110352	8138.799805
8137.220215	8050.830078
8020.970215	8053.560059
8066.540039	8054.040039
8017.209961	8023.22998
8026.009766	7903.419922
7905.279785	7896.879883
7901.600098	7931.549805
8002.25	8080.290039
8071.359863	8086.410156
8095.140137	8112.180176
8150.379883	8225.509766
8193.009766	8197.570312
8187.459961	8150.77002
8113.709961	8207.360352
8236.889648	8256.070312
8254.25	8260.429688
8260.429688	8223.540039
8224.660156	8223.870117
8234.599609	8264.799805
8265.05957	8280.929688
8294.599609	8314.299805
8311.049805	8322.679688
8342.719727	8366.469727
8388.259766	8380.879883
8377.870117	8338.320312
8331	8333.75
8346.620117	8407.009766
8421.080078	8499.349609
8499.349609	8463.820312
8463.820312	8516.429688
8442.349609	8443.150391
8427.620117	8420.549805
8431.219727	8395.490234
8407.080078	8399.830078
8359.30957	8316.160156
8302.080078	8443.509766
8571.530273	8632.009766
8615.660156	8607.790039
8611.509766	8667.679688
8637.099609	8636.910156
8619.139648	8604.379883
8623.969727	8636.099609
8676.629883	8713.75
8714.700195	8712.400391
8715.19043	8717.44043
8689.25	8733.099609
8701.160156	8710.55957
8735.30957	8766.540039
8767.790039	8792.629883
8784.80957	8832.75
8824.240234	8828.660156
8834.209961	8856.589844
8882.450195	8904.530273
8911.660156	8880.009766
8883.530273	8935.639648
8930.769531	8904.30957
8896.849609	8894.709961
8931.459961	8965.120117
8910	8852.790039
8883.889648	8920.129883
8890.900391	8934.240234
8928.5	8893.740234
8905.620117	8935.230469
8922.620117	8919.019531
8919.019531	8957.610352
8962.070312	8955.599609
8927.530273	8953.070312
8949.849609	8933.219727
8947.299805	9004.389648
8992.009766	8883.629883
8852.669922	8810.290039
8833.650391	8894.629883
8925.759766	8719.400391
8751.169922	8766.169922
8757.19043	8875.330078
8868.650391	8868.719727
8827.830078	8874.19043
8857.280273	8901.040039
8939.990234	8978.089844
9002.049805	8996.969727
9003.379883	9013.429688
9037	9054.44043
9047	9082.240234
9080.450195	9059.959961
9053.80957	9057.019531
9077.009766	9127.959961
9112.070312	9116.620117
9041.860352	9045.44043
9059.679688	9017.660156
9050.110352	9081.089844
9044.839844	9009.660156
9032.799805	9065.780273
9082.349609	9022.959961
9044.400391	9083.700195
9030.169922	9070.44043
9070.530273	9107.040039
9098.05957	9107.759766
9085.469727	9092.889648
9094.580078	8983.389648
8987.740234	9027.830078
8951.200195	9000.240234
8995.900391	9051.570312
9061.169922	9088.379883
9111.620117	9189.080078
9197.110352	9234.019531
9193.929688	9188.25
9131.629883	8953.94043
9024.860352	9086.419922
9032.519531	8948.349609
8966.629883	8921.179688
8943.910156	8994.120117
9005.719727	9019.900391
9048.610352	9113.799805
9113.790039	9146.450195
9174.780273	9188.860352
9179.44043	9169.900391
9200.55957	9245.219727
9240.259766	9276.879883
9248.450195	9175.780273
9175.780273	9246.719727
9246.780273	9340.459961
9337.669922	9348.900391
9369.330078	9409.009766
9410.849609	9463.320312
9451.240234	9409.219727
9406.679688	9442.759766
9429.30957	9437.169922
9437.209961	9515.860352
9495.730469	9551.410156
9551.410156	9489.30957
9502.540039	9576.410156
9565.339844	9587.519531
9582.400391	9598.269531
9605.5	9508.040039
9420.5	9466.290039
9423.490234	9442.230469
9516.410156	9494.160156
9450.900391	9422.490234
9430.75	9460.049805
9433.330078	9302.269531
9317.389648	9357.080078
9353.919922	9320.080078
9289.480469	9178.410156
9172.19043	9260.480469
9290.980469	9355.410156
9373.120117	9358
9277.150391	9255.480469
9306.469727	9189.429688
9187.070312	9331.370117
9312.69043	9263.69043
9263.69043	9337.889648
9339.730469	9399.629883
9396.219727	9255.700195
9157.759766	8995.969727
9042.599609	9018.540039
8937.990234	8892.019531
8949.820312	8989.259766
9037.759766	9067.269531
9114.94043	9143.549805
9121.160156	9112.69043
9154.259766	9167.879883
9152.509766	9144.719727
9104.639648	9135.089844
9178.94043	9214.169922
9249.69043	9266.299805
9316.179688	9341.400391
9340.730469	9340.679688
9446.94043	9493.259766
9488.799805	9498.5
9506.459961	9520.950195
9521.200195	9489
9516.580078	9523.790039
9537.769531	9587.200195
9587.490234	9618.5
9626.009766	9650.580078
9672.299805	9659.629883
9681.469727	9605.040039
9577.709961	9635.05957
9600.19043	9620.129883
9594.719727	9571.790039
9585.830078	9556.169922
9571.179688	9558.830078
9617.290039	9673.400391
9660.719727	9690.070312
9669.799805	9671.599609
9661.69043	9614.320312
9581.669922	9568.259766
9613.360352	9634.700195
9626.089844	9622.110352
9585.219727	9609.030273
9616.44043	9630.570312
9628.040039	9593.5
9524.759766	9489.290039
9489.280273	9465.589844
9455	9385.889648
9385.889648	9421.55957
9390.209961	9339.379883
9366.80957	9425.780273
9445	9474.769531
9477.200195	9432.509766
9366.799805	9288.230469
9279.639648	9309.070312
9302.549805	9315.820312
9315.589844	9270.660156
9357.80957	9333.490234
9322.870117	9400.240234
9400.150391	9420.349609
9454.790039	9439.69043
9459.360352	9539.929688
9578.400391	9620.709961
9614.099609	9655.379883
9643.370117	9607.320312
9616.629883	9635.080078
9717.69043	9704.490234
9707.169922	9738.929688
9735.469727	9887.879883
9887.879883	9854.759766
9856.69043	9769.730469
9756.679688	9733.030273
9727.009766	9715.209961
9720.549805	9698.950195
9711.480469	9726.259766
9693.799805	9684.169922
9610.459961	9621.240234
9624.179688	9693.269531
9656.639648	9689.290039
9675.030273	9619.19043
9621.019531	9675.709961
9620.179688	9597.540039
9595.330078	9483.160156
9490.900391	9497.019531
9568.990234	9693.969727
9690.55957	9761.759766
9726.830078	9797.179688
9780.599609	9726.620117
9765.980469	9845
9831.980469	9934.839844
9956.969727	9984.629883
9988.540039	9982.679688
10016.87988	10056.58984
10021.37988	9990.330078
10010.29981	10029.19043
10036.79004	10053.86035
10048.88965	10053.86035
10077.83008	10108.42969
10108.40039	10054.37988
10044.62012	10009.63965
10010.26953	10018.15039
10045.37988	10064.11035
10027.13965	10011.91016
10045.12012	10059.49023
10068.95996	9924.370117
9911.969727	10032.13965
10029.13965	10042.94043
10022.58008	10009.82031
9969.450195	10079.88965
10079.28027	10130.50977
10130.51953	10189.79981
10204.55957	10167.15039
10163.01953	10135.61035
10149.74023	10096.44043
10114.66992	10162.40039
10167.62012	10205.71973
10211.62988	10176.2002
10173.23047	10167.88965
10180.83984	10182.99023
10200.79981	10183.23047
10173.76953	10137.01953
10137.00977	10086.70996
10043.91992	10064.86035
10043.40039	10016.74023
10081.46973	10131.20996
10141.76953	10146.25977
10131.71973	10114.66992
10116.38965	9991.459961
9975.580078	9949.580078
9957.160156	9954.839844
9997.200195	10024.96973
10023.29004	9989.080078
10008.65039	10154.2002
10132.26953	10151.53027
10161.61035	10196.07031
10231.73047	10246.66992
10248.82031	10284.40039
10299.76953	10331.66992
10353.30957	10353.21973
10351.41992	10357.83984
10366.58008	10400.32031
10352.70996	10283.41992
10296.53027	10296.76953
10322.91992	10270.04981
11315.37012	10327.33008
10324.78027	10320.91016
10335.79981	10325.74023
10340.08008	10371.12988
10371.12988	10256.15039
10280.58008	10343.08008
10351	10385.38965
10374.66992	10376.23047
10379.23047	10343.45996
10343.23047	10366.00977
10368.17969	10368.88965
10331.75	10269.38965
10222.08008	10034.44043
10043.69043	9981.349609
9981.400391	10066.83984
10003.08984	9962.919922
10014.41992	10048.69043
9962.400391	9967.650391
9967.69043	9741.580078
9779.419922	9816.969727
9796.799805	9809.030273
9837.69043	9940.219727
9974.099609	10055.33984
10048.12988	10050.40039
10062.51953	10170.37012
10173.79004	10173.76953
10134.00977	10228.58008
10228.79981	10282.53027
10308.79004	10319.12012
10291.08008	10254.24023
10257.9502	10316.88965
10316.87988	10306.90039
10321.58008	10369.51953
10370.61035	10353.78027
10356.53027	10349.95996
10340.37012	10397.80957
10403.37012	10425.86035
10349.29981	10329.79004
10404.80957	10489.96973
10484.41016	10482.83984
10506.57031	10525.51953
10545.84961	10511.91016
10491.21973	10486.15039
10492.87988	10425.63965
10386.59961	10418.99023
10437.99023	10297.74023
10282.15039	10285.08008
10326.66016	10377.01953
10384.84961	10441.4502
10441.48047	10359.50977
10337.98047	10400.7002
10456.66016	10392.21973
10401.07031	10362.05957
10397.70996	10417.05957
10417.07031	10359.36035
10360.58008	10373.44043
10398.41992	10434.87012
10483.7002	10527.76953
10538.44043	10584.30957
10585.13965	10616.87012
10619.19043	10598.48047
10641.29004	10517.04981
10500.75977	10407.41992
10411.29004	10452.00977
10479.63965	10554.94043
10549.40039	10366.80957
10343.74023	10280.94043
10333.5	10359.41992
10367.76953	10401.98047
10450.61035	10505.79004
10494.42969	10532.83008
10533.32031	10559.34961
10569.25	10599.01953
10594.73047	10581.88965
10598.04981	10575.91016
10552.04981	10505.00977
10538.20996	10526.51953
10555.49023	10583.65039
10578.04004	10627.16992
10626.50977	10629.33984
10624.99023	10629.99023
10589.41992	10630.13965
10620.99023	10568.67969
10583.12988	10626.83984
10625.38965	10610.65039
10599.54004	10606.69043
10639.71973	10703.5
10708.67969	10702.86035
10698.74023	10656.12012
10636.4502	10568.37012
10572.76953	10603.17969
10573.83008	10618.63965
10601.63965	10541.9502
10570.33984	10620.44043
10618.37012	10644.51953
10649.11035	10681.87012
10713.46973	10720.62012
10715.37988	10702.73047
10716.5	10752.11035
10734.54004	10756.30957
10760.54004	10772.00977
10752.37012	10770.33008
10752.34961	10776.78027
10788.53027	10847.69043
10865.19043	10904.21973
10895.41016	10918.62012
10906.88965	10914.2002
10886.32031	10872.69043
10870.70996	10825.03027
10836.66992	10856.21973
10855.33008	10863.21973
10849.61035	10886.00977
10890.15039	10975.54004
10991.98047	11003.08008
11014.03027	11018.11035
11016.96973	11014.08984
10997.41016	10921.99023
10902.70996	10962.87012
10951.75	10949.4502
10934.75977	10974.42969
10969.19043	10979.41992
11002.37012	11046.61035
11044.66016	11050.33984
11070.42969	11104.71973
11072.00977	11035.80957
11008.75977	10963.16016
10977.87012	11005.5
10941.83984	10941.33984
10927.99023	10936.34961
10980.17969	10991.46973
10995.67969	10965.62988
11006.36035	11017.87012
10982.73047	10890.44043
10908.41992	10985.91992
10951.17969	10957.66992
10988.84961	11016.24023
11027.37988	11023.90039
11038.88965	11038.55957
11038.55957	10985.80957
10984.36035	10987.24023
11005.29981	10936.7002
10957.98047	10929.79004
10866.30957	10726.42969
10699.80957	10692.16992
10692.16992	10766.67969
10728.91992	10657.32031
10606.07031	10653.41992
10677.00977	10583.79004
10591.07031	10691.09961
10716.17969	10722.79004
10709.05957	10705.78027
10731.91016	10756.17969
10756.29981	10802.62988
10833.49023	10796.04004
10824.25977	10886.50977
10901	10929.66016
10909.33008	10949.48047
10958.11035	10982.83008
10973.04981	10947.33008
10976.74023	11005.36035
11016.42969	11025.37012
11042.12012	11037.88965
10999.74023	11009.7002
11023.79981	11046.29004
11050.57031	11038.12012
11081.75977	11063.54981
11070.2002	11030.40039
11019.86035	11073.41016
11059.25	11007.38965
10994.15039	10945.61035
10946.7002	10972.20996
10933.37012	10975.99023
10965.32031	10911.38965
10909.84961	10909.30957
10890.45996	10980.13965
10993.24023	10973.74023
10998.36035	11024.05957
11046.38965	10989.57031
10978.59961	10892.63965
10861.21973	10815.41992
10818.75977	10885.59961
10863.59961	10722.20996
10732.29981	10798.87988
10727.75977	10749.04981
10745.01953	10702.92969
10688.65039	10571.54981
10557.33008	10555.70996
10579.49023	10635.49023
10671.69043	10647.50977
10605.33008	10484.54981
10485.79004	10645.66992
10614.96973	10409.37988
10397.37012	10293.13965
10317.54004	10166.74023
10193.98047	10185.91016
10083.91016	10109.69043
10004.83008	10123.73047
10212.90039	10250.54004
10227.21973	10327.33984
10370.7002	10500.78027
10502.11035	10405.80957
10476.33008	10519.28027
10529.28027	10582.62012
10547.66016	10544.41992
10576.91016	10677.87988
10690.30957	10646.66016
10626.13965	10712.19043
10772.92969	10845
10834.40039	10808.66992
10781.05957	10758.07031
10804.04004	10824.07031
10824.07031	10843.54004
10837.83984	10864.58008
10876.91016	10892.55957
10892.54004	10907.53027
10907.53027	10884.03027
10884.09961	10868.91992
10861.46973	10880.62988
10859.80957	10883.25
10896.62988	10941.7002
10938.55957	10927.48047
10888.08984	10937.96973
10937.96973	11025.74023
11038.84961	11041.41992
11053.25977	11029.37012
11036.80957	11047.91016
10993.08008	10955.41016
10933.11035	10888.55957
10888.44043	10940.12012
10942.7002	10987.29981
10966.92969	10952.29981
10957.40039	10970.25977
10941.62012	10863.54004
10863.55957	10821.2002
10816.76953	10662.24023
10671.07031	10690.15039
10690.13965	10500.50977
10535.51953	10411.17969
10386.11035	10390.01953
10411.54004	10603.50977
10709.54004	10831.62012
10835.33008	10890.24023
10890.25	10919.99023
10935.73047	10951.75977
10962.23047	10955.11035
10975.29004	10985.40039
10974.87988	10988.00977
10963.54004	10932.99023
10941.67969	10839.24023
10859.79981	10830.91992
10764.37012	10607.67969
10610.78027	10514.87012
10514.48047	10627.12988
10686	10800.54004
10811.82031	10711.41016
10712.65039	10640.74023
10640.74023	10622.95996
10622.57031	10565.41016
10606.62988	10514.59961
10508.62012	10660.32031
10682	10658.62012
10646	10720.40039
10753.58008	10859.34961
10854.23047	10788.33008
10787.29981	10847.15039
10793.04004	10781.83008
10797.23047	10603.86035
10617.88965	10691.62988
10636.04004	10537.21973
10567.95996	10669.03027
10721.57031	10847.41016
10803.49023	10775.04004
10821.34961	10896.05957
10903.29004	10847.50977
10831.04004	10826.58984
10860.70996	10915.13965
10883.91016	10889.04981
10924.19043	10995.30957
11009.87012	11042.69043
11042.78027	11054.46973
11054.46973	11064.08984
11027	11038.25977
11025.26953	11108.66992
11091.46973	11074.58008
11082.12988	11122.11035
11119.63965	11117.92969
11111.83984	11082.09961
11078.54004	11062.79004
11053.66016	11102.82031
11090.76953	11051.21973
11018.79981	11004.67969
11014.7002	11014.25977
10964.23047	10842.16992
10846.04981	10866.62012
10802.5	10678.41016
10686.65039	10678.75977
10734.70996	10820.87012
10784.08984	10751.01953
10787.46973	10881.17969
10843.67969	10862.42969
10846.42969	11019.71973
10976.83008	10931.36035
10932.5	11070.53027
11089.66016	11070.88965
11071.9502	11019.75
11036.94043	10897.50977
10877.19043	10865.15039
10860.65039	10875.13965
10919.04981	10989.16016
10914.04981	10899.19043
10906.12988	10891.61035
10897.66016	10953.16016
10936.83984	11033.12012
11042	11013.24023
11038.51953	11032.99023
11028.75	11065.38965
11077.74023	11112.67969
11110.17969	11056.75977
11078.75977	11108.07031
11136.88965	11171.05957
11171.49023	11169.75
11113.50977	11058.4502
11058.50977	11116.57031
11115.79981	11100.37988
11113.25	11144.4502
11128.15039	11191.48047
11199.94043	11192.92969
11226.41992	11167.30957
11165.07031	11203.08008
11161.95996	11154.11035
11116.71973	11049.74023
11074.9502	11140.36035
11154.99023	11173.28027
11171.50977	11049.33984
11082.05957	11015.99023
10997.91992	11036.40039
11138.65039	11196.5
11182.12012	11140.74023
11106.09961	11113.16992
11131.53027	11117
11163.9502	11207.33008
11202.98047	11228.34961
11207.03027	11227.88965
11214.42969	11213.15039
11221.41016	11210.24023
11212.51953	11239.66016
11213.94043	11197.69043
11197.59961	11065.32031
11076.25977	11143.34961
11128.75977	11132.74023
11116.20996	11056.29981
11081.66992	11061.67969
11057.13965	11080.88965
11101.87012	11107.92969
11062.12988	11000.38965
10982.04981	10979.33008
10975.21973	10917.82031
10918.24023	10915.63965
10960.08984	11057.99023
11072.53027	11080.50977
11037.33984	11009.91016
10942.50977	10949.54004
10940.4502	10997.66016
11009.48047	11013.66016
11032.48047	11100.46973
11080.29004	11038.95996
11104.66016	11129.61035
11146.58008	11149.36035
11132.44043	11066.13965
11078.57031	11035.73047
11048.59961	11040.30957
10940.98047	10790.33008
10859.11035	10805.2002
10844.45996	10858.99023
10885.53027	10864.82031
10770.04004	10782.67969
10764.96973	10829.32031
10755.55957	10636.79981
10741.75977	10689.50977
10689.50977	10853.91992
10853.91992	10944.84961
10944	10993.25977
10989.37012	10958.83008
11013.33008	11024.87012
11010.83984	10987.16992
10991.28027	10969.49023
10960.41016	10919
10897.13965	10899.86035
10918.08984	10840.73047
10830.78027	10721.9502
10688.86035	10656.61035
10698.90039	10790.17969
10795.17969	10883.91016
10866.30957	10881.75
10908.30957	10882.28027
10883.46973	10841.25977
10849.13965	10824.7002
10874.2002	10847.84961
10851.33984	10799.44043
10779.5	10763.15039
10804.80957	10906.04981
10857.08984	10802.08984
10725.87988	10779.45996
10779.44043	10745.30957
10736.34961	10782.24023
10743.57031	10818.57031
10799.54004	10792.79981
10742.32031	10687.03027
10618.34961	10475.75
10402.29981	10195.69043
9864.299805	9789.94043
9790.099609	9692.389648
9692.400391	9979.669922
10044.36035	10230.50977
10199.16016	10242.05957
10198.32031	10176.5
10176.5	9874.669922
9963.139648	10013.36035
10044.34961	10049.29004
9955.370117	9871.860352
9974.780273	10109.67969
10193.04004	9988.910156
9985.030273	10019.38965
9987.480469	10040.21973
10026.54981	9988.589844
10008.62988	10105.87012
10139.08984	10236.71973
10217.04981	10215.54004
10118.21973	10031.59961
10049.36035	10066.07031
9970.259766	9912.599609
9923.730469	9867.900391
9813.160156	9837.80957
9913.629883	9857.259766
9803.400391	9601.419922
9612.629883	9622.070312
9698.929688	9799.69043
9832.330078	9820.950195
9755.780273	9973.55957
10035.86035	10167.92969
10167.5	10156.37988