1059.02002	1053.25
1053.25	1051.810059
1051.810059	1058.050049
1058.050049	1053.209961
1053.209961	1047.109985
1047.109985	1046.569946
1046.569946	1058.530029
1058.560059	1058.410034
1058.410034	1050.349976
1050.349976	1043.630005
1043.630005	1034.150024
1034.150024	1042.439941
1042.439941	1033.650024
1033.650024	1035.280029
1035.280029	1052.079956
1052.079956	1053.890015
1053.890015	1058.449951
1058.449951	1058.199951
1058.199951	1070.119995
1070.119995	1066.619995
1066.619995	1064.72998
1064.72998	1069.719971
1069.719971	1061.5
1061.5	1069.300049
1069.300049	1060.180054
1060.180054	1059.050049
1059.050049	1071.209961
1071.209961	1074.140015
1074.140015	1068.040039
1068.040039	1075.130005
1075.130005	1076.47998
1076.47998	1089.180054
1089.180054	1088.660034
1088.660034	1092.939941
1092.939941	1096.02002
1096.02002	1094.040039
1094.040039	1095.890015
1095.890015	1109.47998
1109.47998	1109.640015
1109.640015	1111.920044
1111.920044	1108.47998
1108.47998	1122.219971
1122.219971	1123.670044
1123.670044	1126.329956
1126.329956	1131.920044
1131.920044	1121.859985
1121.859985	1127.22998
1127.22998	1121.219971
1121.219971	1130.52002
1130.52002	1132.050049
1132.050049	1139.829956
1139.829956	1138.77002
1138.77002	1147.619995
1147.619995	1143.939941
1143.939941	1141.550049
1141.550049	1155.369995
1155.369995	1144.050049
1144.050049	1128.47998
1128.47998	1134.109985
1134.109985	1131.130005
1131.130005	1135.26001
1135.26001	1136.030029
1136.030029	1126.52002
1126.52002	1128.589966
1128.589966	1142.76001
1142.76001	1139.810059
1139.810059	1145.540039
1145.540039	1157.76001
1157.76001	1152.109985
1152.109985	1145.810059
1145.810059	1156.98999
1156.98999	1151.819946
1151.819946	1147.060059
1147.060059	1144.109985
1144.109985	1140.98999
1140.98999	1139.089966
1139.089966	1143.670044
1143.670044	1144.910034
1145.800049	1144.939941
1144.939941	1155.969971
1155.969971	1149.099976
1149.099976	1151.030029
1151.030029	1154.869995
1154.869995	1156.859985
1156.859985	1147.199951
1147.199951	1140.579956
1140.579956	1123.890015
1123.890015	1106.780029
1106.780029	1120.569946
1120.569946	1104.48999
1104.48999	1110.699951
1110.699951	1123.75
1123.75	1122.319946
1122.319946	1109.780029
1109.780029	1095.400024
1095.400024	1093.949951
1093.949951	1091.329956
1091.329956	1109.189941
1109.189941	1108.060059
1108.060059	1122.469971
1122.469971	1127
1127	1126.209961
1126.209961	1132.170044
1132.170044	1141.810059
1141.810059	1150.569946
1150.569946	1148.160034
1148.160034	1140.530029
1140.530029	1139.319946
1139.319946	1145.199951
1145.199951	1129.439941
1129.439941	1128.170044
1128.170044	1128.839966
1128.839966	1134.609985
1134.560059	1135.819946
1135.819946	1118.150024
1118.150024	1124.089966
1124.089966	1139.930054
1139.930054	1140.599976
1140.599976	1135.530029
1135.530029	1138.109985
1138.109985	1122.410034
1122.410034	1113.890015
1113.890015	1107.300049
1107.300049	1117.48999
1117.48999	1119.550049
1119.550049	1121.530029
1121.530029	1113.98999
1113.98999	1098.699951
1098.699951	1087.119995
1087.119995	1095.449951
1095.449951	1097.280029
1097.280029	1096.439941
1096.439941	1095.699951
1095.699951	1084.099976
1084.099976	1091.48999
1091.48999	1088.680054
1088.680054	1089.189941
1089.189941	1093.560059
1093.560059	1095.410034
1095.410034	1113.050049
1113.050049	1114.939941
1114.939941	1121.280029
1121.280029	1120.680054
1120.680054	1121.199951
1121.199951	1124.98999
1124.98999	1116.640015
1116.640015	1122.5
1122.5	1140.420044
1140.420044	1142.180054
1142.180054	1131.329956
1131.329956	1136.469971
1136.469971	1125.290039
1125.290039	1132.01001
1132.01001	1133.560059
1133.560059	1132.050049
1132.050049	1135.02002
1135.02002	1130.300049
1130.300049	1134.410034
1134.410034	1144.060059
1144.060059	1140.650024
1140.650024	1134.430054
1134.430054	1133.349976
1133.349976	1136.199951
1136.199951	1140.839966
1140.839966	1128.939941
1128.939941	1125.380005
1125.380005	1116.209961
1116.209961	1118.329956
1118.329956	1109.109985
1109.109985	1112.810059
1112.810059	1114.349976
1114.349976	1115.140015
1115.140015	1111.469971
1111.469971	1106.689941
1106.689941	1101.390015
1101.390015	1100.900024
1100.900024	1108.670044
1108.670044	1093.880005
1093.880005	1096.839966
1096.839966	1086.199951
1086.199951	1084.069946
1084.069946	1094.829956
1094.829956	1095.420044
1095.420044	1100.430054
1100.430054	1101.719971
1101.719971	1106.619995
1106.619995	1099.689941
1099.689941	1098.630005
1098.630005	1080.699951
1080.699951	1063.969971
1063.969971	1065.219971
1065.219971	1079.040039
1079.040039	1075.790039
1075.790039	1063.22998
1063.22998	1064.800049
1064.800049	1079.339966
1079.339966	1081.709961
1081.709961	1095.170044
1095.170044	1091.22998
1091.22998	1098.349976
1098.349976	1095.680054
1095.680054	1096.189941
1096.189941	1104.959961
1104.959961	1105.089966
1105.089966	1107.77002
1107.77002	1099.150024
1099.150024	1104.23999
1104.23999	1105.910034
1105.910034	1118.310059
1118.310059	1113.630005
1113.630005	1121.300049
1121.300049	1116.27002
1116.27002	1118.380005
1118.380005	1123.920044
1123.920044	1125.819946
1125.819946	1128.329956
1128.329956	1120.369995
1120.369995	1123.5
1123.5	1128.550049
1128.550049	1122.199951
1122.199951	1129.300049
1129.300049	1113.560059
1113.560059	1108.359985
1108.359985	1110.109985
1110.109985	1103.52002
1103.52002	1110.060059
1110.060059	1114.800049
1114.800049	1114.579956
1114.579956	1131.5
1131.5	1135.170044
1135.170044	1134.47998
1134.47998	1142.050049
1142.050049	1130.650024
1130.650024	1122.140015
1122.140015	1124.390015
1124.390015	1121.839966
1121.839966	1113.650024
1113.650024	1103.290039
1103.290039	1108.199951
1108.199951	1114.02002
1114.02002	1103.22998
1103.22998	1103.660034
1103.660034	1106.48999
1106.48999	1095.73999
1095.73999	1094.800049
1094.810059	1111.089966
1111.089966	1125.400024
1125.339966	1127.439941
1127.439941	1130.199951
1130.199951	1130.51001
1130.51001	1130.560059
1130.540039	1143.199951
1143.199951	1161.670044
1161.670044	1166.170044
1166.170044	1164.890015
1164.890015	1164.079956
1164.079956	1162.910034
1162.910034	1173.47998
1173.47998	1184.170044
1184.170044	1183.810059
1183.810059	1175.430054
1175.430054	1181.939941
1181.939941	1183.550049
1183.550049	1170.339966
1170.339966	1177.23999
1177.23999	1176.939941
1176.939941	1181.76001
1181.76001	1182.650024
1182.650024	1178.569946
1178.569946	1173.819946
1173.780029	1191.369995
1191.369995	1190.329956
1190.329956	1191.170044
1191.170044	1190.25
1190.25	1177.069946
1177.069946	1182.810059
1182.810059	1189.23999
1189.23999	1188
1188	1198.680054
1198.680054	1203.380005
1203.380005	1205.719971
1205.719971	1203.209961
1203.209961	1194.199951
1194.199951	1194.650024
1194.650024	1205.449951
1205.449951	1209.569946
1209.569946	1210.130005
1210.130005	1204.920044
1204.920044	1213.540039
1213.540039	1213.449951
1213.449951	1213.550049
1213.550049	1211.920044
1211.920044	1202.079956
1202.079956	1188.050049
1188.050049	1183.73999
1183.73999	1187.890015
1187.890015	1186.189941
1186.189941	1190.25
1190.25	1182.98999
1182.98999	1187.699951
1187.699951	1177.449951
1177.449951	1184.52002
1184.52002	1195.97998
1195.97998	1184.630005
1184.630005	1175.410034
1175.410034	1167.869995
1167.869995	1163.75
1163.75	1168.410034
1168.410034	1174.069946
1174.069946	1174.550049
1174.550049	1171.359985
1171.359985	1181.27002
1181.27002	1189.410034
1189.410034	1193.189941
1193.189941	1189.890015
1189.890015	1203.030029
1203.030029	1201.719971
1201.719971	1202.300049
1202.300049	1191.98999
1191.98999	1197.01001
1197.01001	1205.300049
1205.300049	1206.140015
1206.140015	1210.119995
1210.119995	1210.339966
1210.339966	1200.75
1200.75	1201.589966
1201.589966	1184.160034
1184.160034	1190.800049
1190.800049	1200.199951
1200.199951	1211.369995
1211.369995	1203.599976
1203.599976	1210.410034
1210.410034	1210.079956
1210.079956	1210.469971
1210.469971	1222.119995
1222.119995	1225.310059
1225.310059	1219.430054
1219.430054	1207.01001
1207.01001	1209.25
1209.25	1200.079956
1200.079956	1206.829956
1206.829956	1197.75
1197.75	1188.069946
1188.069946	1190.209961
1190.209961	1189.650024
1189.650024	1183.780029
1183.780029	1171.709961
1171.709961	1172.530029
1172.530029	1171.420044
1171.420044	1174.280029
1174.280029	1165.359985
1165.359985	1181.410034
1181.410034	1180.589966
1180.589966	1172.920044
1172.790039	1176.119995
1176.119995	1181.390015
1181.390015	1184.069946
1184.069946	1191.140015
1191.140015	1181.199951
1181.199951	1181.209961
1181.209961	1187.76001
1187.76001	1173.790039
1173.790039	1162.050049
1162.050049	1142.619995
1142.619995	1145.97998
1145.97998	1152.780029
1152.780029	1137.5
1137.5	1159.949951
1159.949951	1152.119995
1152.119995	1162.099976
1162.099976	1151.829956
1151.73999	1156.380005
1156.380005	1143.219971
1143.219971	1156.849976
1156.849976	1162.160034
1162.160034	1161.170044
1161.170044	1175.650024
1175.650024	1172.630005
1172.630005	1171.349976
1171.349976	1178.839966
1178.839966	1166.219971
1166.219971	1171.109985
1171.109985	1159.359985
1159.359985	1154.050049
1154.050049	1165.689941
1165.689941	1173.800049
1173.800049	1185.560059
1185.560059	1191.079956
1191.079956	1189.280029
1189.280029	1193.859985
1193.859985	1194.069946
1194.069946	1190.01001
1190.01001	1197.619995
1197.619995	1198.780029
1198.780029	1191.5
1191.5	1202.219971
1202.27002	1204.290039
1204.290039	1196.02002
1196.02002	1197.51001
1197.51001	1197.26001
1197.26001	1194.670044
1194.670044	1200.930054
1200.930054	1198.109985
1198.109985	1200.819946
1200.819946	1203.910034
1203.910034	1206.579956
1206.550049	1210.959961
1210.930054	1216.959961
1216.959961	1216.099976
1216.099976	1213.609985
1213.609985	1213.880005
1213.880005	1200.72998
1200.72998	1191.569946
1191.569946	1190.689941
1190.689941	1201.569946
1201.569946	1199.849976
1199.849976	1191.329956
1191.329956	1194.439941
1194.439941	1204.98999
1204.98999	1194.939941
1194.939941	1197.869995
1197.869995	1211.859985
1211.859985	1219.439941
1219.439941	1222.209961
1222.209961	1223.290039
1223.290039	1226.5
1226.5	1227.920044
1227.920044	1221.130005
1221.130005	1229.349976
1229.349976	1235.199951
1235.199951	1227.040039
1227.040039	1233.680054
1233.680054	1229.030029
1229.030029	1231.160034
1231.160034	1236.790039
1236.790039	1243.719971
1243.719971	1234.180054
1234.180054	1235.349976
1235.349976	1244.119995
1244.119995	1245.040039
1245.040039	1235.859985
1235.859985	1226.420044
1226.420044	1223.130005
1223.130005	1231.380005
1231.380005	1229.130005
1229.130005	1237.810059
1237.810059	1230.390015
1230.400024	1233.869995
1233.869995	1219.339966
1219.339966	1220.23999
1220.23999	1219.02002
1219.02002	1219.709961
1219.709961	1221.72998
1221.72998	1217.589966
1217.569946	1209.589966
1209.589966	1212.369995
1212.400024	1205.099976
1205.099976	1212.280029
1212.280029	1208.410034
1208.410034	1220.329956
1220.329956	1221.589966
1221.589966	1218.02002
1218.02002	1233.390015
1233.390015	1236.359985
1236.359985	1231.670044
1231.670044	1241.47998
1241.47998	1240.560059
1240.569946	1231.199951
1231.199951	1227.160034
1227.160034	1227.72998
1228.420044	1237.910034
1237.910034	1231.02002
1231.02002	1221.339966
1221.339966	1210.199951
1210.199951	1214.619995
1214.619995	1215.290039
1215.290039	1215.630005
1215.630005	1215.660034
1215.660034	1216.890015
1216.890015	1227.680054
1227.680054	1228.810059
1228.810059	1226.699951
1226.699951	1214.469971
1214.469971	1196.390015
1196.390015	1191.48999
1191.48999	1195.900024
1195.900024	1187.329956
1187.329956	1184.869995
1184.869995	1177.680054
1177.680054	1176.839966
1176.839966	1186.569946
1186.569946	1190.099976
1190.099976	1178.140015
1178.140015	1195.76001
1195.76001	1177.800049
1177.800049	1179.589966
1179.589966	1199.380005
1199.380005	1196.540039
1196.540039	1191.380005
1191.380005	1178.900024
1178.900024	1198.410034
1198.410034	1207.01001
1207.01001	1202.76001
1202.76001	1214.76001
1214.76001	1219.939941
1219.939941	1220.140015
1220.140015	1222.810059
1222.810059	1218.589966
1218.589966	1220.650024
1220.650024	1230.959961
1230.959961	1234.719971
1234.719971	1233.76001
1233.76001	1229.01001
1229.01001	1231.209961
1231.209961	1242.800049
1242.800049	1248.27002
1248.27002	1254.849976
1254.849976	1261.22998
1261.22998	1265.609985
1265.609985	1268.25
1268.25	1257.459961
1257.459961	1257.47998
1257.47998	1249.47998
1249.47998	1264.670044
1264.670044	1265.079956
1265.079956	1262.089966
1262.089966	1263.699951
1263.699951	1257.369995
1257.369995	1255.839966
1255.839966	1259.369995
1259.369995	1260.430054
1260.430054	1267.430054
1267.430054	1272.73999
1272.73999	1270.939941
1270.939941	1267.319946
1267.319946	1259.920044
1259.920044	1259.619995
1259.619995	1262.790039
1262.790039	1268.119995
1268.119995	1268.660034
1268.660034	1256.540039
1256.540039	1258.170044
1258.170044	1254.420044
1254.420044	1248.290039
1248.290039	1268.800049
1268.800049	1273.459961
1273.459961	1273.47998
1273.47998	1285.449951
1285.449951	1290.150024
1290.150024	1289.689941
1289.719971	1294.180054
1294.180054	1286.060059
1286.060059	1287.609985
1287.609985	1282.930054
1282.930054	1277.930054
1277.930054	1285.040039
1285.040039	1261.48999
1261.48999	1263.819946
1263.819946	1266.859985
1266.859985	1264.680054
1264.680054	1273.829956
1273.829956	1283.719971
1283.719971	1285.189941
1285.199951	1280.079956
1280.079956	1282.459961
1282.459961	1270.839966
1270.839966	1264.030029
1264.030029	1265.02002
1265.02002	1254.780029
1254.780029	1265.650024
1265.650024	1263.780029
1263.819946	1266.98999
1266.98999	1262.859985
1262.859985	1275.530029
1275.530029	1280
1280	1289.380005
1289.380005	1287.23999
1287.23999	1283.030029
1283.030029	1292.670044
1292.670044	1287.790039
1287.790039	1289.430054
1289.430054	1294.119995
1294.119995	1280.660034
1280.660034	1291.23999
1291.23999	1289.140015
1289.140015	1287.22998
1287.22998	1278.26001
1278.26001	1275.880005
1275.880005	1278.469971
1278.469971	1272.22998
1272.22998	1281.420044
1281.579956	1284.130005
1284.130005	1297.47998
1297.47998	1303.02002
1303.02002	1305.329956
1305.329956	1307.25
1307.25	1305.079956
1305.079956	1297.22998
1297.22998	1305.040039
1305.040039	1301.670044
1301.670044	1302.949951
1302.949951	1301.609985
1301.609985	1293.22998
1293.22998	1302.890015
1302.890015	1300.25
1300.25	1294.869995
1302.880005	1297.810059
1297.810059	1305.930054
1305.930054	1311.560059
1311.560059	1309.040039
1309.040039	1295.5
1295.51001	1296.619995
1296.599976	1286.569946
1286.569946	1288.119995
1288.119995	1289.119995
1289.119995	1285.329956
1285.329956	1307.280029
1307.650024	1309.930054
1309.930054	1311.459961
1311.459961	1311.280029
1311.280029	1308.109985
1308.109985	1301.73999
1301.73999	1305.410034
1305.410034	1309.719971
1309.719971	1310.609985
1310.609985	1305.189941
1305.189941	1313.209961
1313.209961	1308.119995
1307.849976	1312.25
1312.25	1325.76001
1325.76001	1324.660034
1324.660034	1325.140015
1324.569946	1322.849976
1322.630005	1305.920044
1305.880005	1291.23999
1291.189941	1294.5
1294.5	1292.079956
1291.72998	1270.319946
1270.25	1261.810059
1261.810059	1267.030029
1267.030029	1262.069946
1262.060059	1256.579956
1256.560059	1258.569946
1258.410034	1272.880005
1272.709961	1280.160034
1280.040039	1259.869995
1259.380005	1270.089966
1270.050049	1285.709961
1285.709961	1288.219971
1288.160034	1265.290039
1265.22998	1263.849976
1263.609985	1256.150024
1256.079956	1257.930054
1257.930054	1252.300049
1252.27002	1237.439941
1236.079956	1223.689941
1223.660034	1230.040039
1230.01001	1256.160034
1256.160034	1251.540039
1251.540039	1240.130005
1240.119995	1240.119995
1240.089966	1252.199951
1251.920044	1245.599976
1245.589966	1244.5
1244.5	1250.560059
1250.550049	1239.199951
1238.98999	1246
1245.939941	1272.869995
1272.859985	1270.199951
1270.060059	1280.189941
1280.050049	1270.910034
1270.579956	1274.079956
1274.079956	1265.47998
1265.459961	1267.339966
1267.26001	1272.430054
1272.390015	1258.599976
1258.579956	1242.280029
1242.290039	1236.199951
1236.199951	1234.48999
1234.47998	1236.859985
1236.73999	1259.810059
1259.810059	1249.130005
1249.119995	1240.290039
1240.25	1260.910034
1260.910034	1268.880005
1268.869995	1268.400024
1268.199951	1263.199951
1263.150024	1278.550049
1278.530029	1276.660034
1278.530029	1270.920044
1270.72998	1277.410034
1278.219971	1280.27002
1280.26001	1279.359985
1279.310059	1275.77002
1275.670044	1271.47998
1271.130005	1265.949951
1265.719971	1271.810059
1271.640015	1266.73999
1266.670044	1268.209961
1268.189941	1285.579956
1285.27002	1295.430054
1295.369995	1297.47998
1297.47998	1302.300049
1302.300049	1297.52002
1297.52002	1298.819946
1298.72998	1292.98999
1292.969971	1296.060059
1295.920044	1295.089966
1295.089966	1301.780029
1301.569946	1304.280029
1303.699951	1305.369995
1304.25	1303.819946
1303.800049	1311.01001
1310.939941	1313.25
1313.040039	1300.26001
1300.209961	1294.02002
1294.02002	1298.920044
1298.859985	1299.540039
1299.530029	1313
1312.73999	1318.069946
1318	1316.280029
1316.280029	1319.660034
1319.849976	1321.180054
1321.170044	1317.640015
1318.280029	1325.180054
1324.890015	1318.030029
1318.030029	1314.780029
1314.780029	1326.369995
1326.349976	1336.349976
1336.119995	1336.589966
1336.560059	1338.880005
1339.150024	1335.849976
1335.819946	1331.319946
1331.319946	1334.109985
1333.810059	1350.199951
1349.839966	1353.219971
1353.219971	1349.589966
1349.579956	1350.660034
1350.619995	1353.420044
1353.280029	1349.949951
1349.939941	1362.829956
1362.819946	1365.619995
1365.609985	1369.060059
1369.050049	1364.050049
1363.930054	1365.800049
1365.949951	1366.959961
1366.939941	1368.599976
1368.579956	1377.02002
1377.02002	1377.380005
1377.359985	1382.219971
1382.209961	1389.079956
1388.890015	1377.339966
1377.300049	1377.930054
1377.930054	1377.939941
1377.76001	1367.810059
1367.439941	1367.339966
1367.310059	1364.300049
1364.27002	1379.780029
1379.75	1382.839966
1382.5	1385.719971
1385.430054	1378.329956
1378.329956	1380.900024
1380.579956	1384.420044
1384.359985	1393.219971
1392.910034	1396.569946
1396.530029	1399.76001
1399.76001	1401.199951
1401.170044	1400.5
1400.430054	1402.810059
1402.689941	1406.089966
1405.939941	1400.949951
1400.949951	1381.959961
1381.609985	1386.719971
1386.109985	1399.47998
1399.469971	1400.630005
1400.630005	1396.709961
1396.670044	1409.119995
1409.099976	1414.76001
1414.400024	1412.900024
1412.859985	1407.290039
1407.27002	1409.839966
1409.810059	1413.040039
1413	1411.560059
1411.319946	1413.209961
1413.160034	1425.48999
1425.47998	1427.089966
1427.079956	1422.47998
1422.420044	1425.550049
1425.51001	1423.530029
1423.199951	1418.300049
1418.099976	1410.76001
1410.75	1416.900024
1416.630005	1426.839966
1426.77002	1424.72998
1424.709961	1418.300049
1418.030029	1416.599976
1416.599976	1418.339966
1418.339966	1409.709961
1409.26001	1412.839966
1412.839966	1412.109985
1408.699951	1414.849976
1414.839966	1423.819946
1423.819946	1430.72998
1430.72998	1431.900024
1431.77002	1430.619995
1430.589966	1426.369995
1426.349976	1430.5
1430.469971	1422.949951
1422.949951	1427.98999
1427.959961	1440.130005
1440.119995	1423.900024
1423.900024	1422.180054
1422.030029	1420.619995
1420.609985	1428.819946
1428.650024	1438.23999
1437.900024	1445.939941
1445.939941	1448.390015
1448.329956	1446.98999
1446.97998	1448
1447.410034	1450.02002
1449.98999	1448.310059
1448.25	1438.060059
1438	1433.369995
1433.219971	1444.26001
1443.910034	1455.300049
1455.150024	1456.810059
1456.77002	1455.540039
1455.530029	1459.680054
1459.599976	1457.630005
1457.290039	1456.380005
1456.219971	1451.189941
1451.040039	1449.369995
1449.25	1399.040039
1398.640015	1406.819946
1406.800049	1403.170044
1403.160034	1387.170044
1387.109985	1374.119995
1374.060059	1395.410034
1395.02002	1391.969971
1391.880005	1401.890015
1401.890015	1402.839966
1402.800049	1406.599976
1406.22998	1377.949951
1377.859985	1387.170044
1387.109985	1392.280029
1392.280029	1386.949951
1386.949951	1402.060059
1402.040039	1410.939941
1410.920044	1435.040039
1435.040039	1434.540039
1434.540039	1436.109985
1436.109985	1437.5
1437.48999	1428.609985
1428.349976	1417.22998
1417.170044	1422.530029
1422.52002	1420.859985
1420.829956	1424.550049
1424.27002	1437.77002
1437.75	1439.369995
1438.939941	1443.76001
1443.77002	1444.609985
1444.579956	1448.390015
1448.22998	1438.869995
1438.869995	1447.800049
1447.800049	1452.849976
1452.839966	1468.329956
1468.469971	1471.47998
1471.469971	1472.5
1472.47998	1470.72998
1470.689941	1484.349976
1484.329956	1480.930054
1480.930054	1480.410034
1480.280029	1495.420044
1495.27002	1494.25
1494.209961	1494.069946
1494.069946	1482.369995
1482.369995	1486.300049
1486.130005	1495.920044
1495.560059	1502.390015
1502.349976	1505.619995
1505.569946	1509.47998
1509.359985	1507.719971
1507.319946	1512.579956
1512.329956	1491.469971
1491.469971	1505.849976
1505.76001	1503.150024
1503.109985	1501.189941
1500.75	1514.140015
1514.01001	1512.75
1512.73999	1522.75
1522.75	1525.099976
1525.099976	1524.119995
1524.089966	1522.280029
1522.099976	1507.51001
1507.5	1515.72998
1515.550049	1518.109985
1517.599976	1530.22998
1530.189941	1530.619995
1530.619995	1536.339966
1536.280029	1539.180054
1539.119995	1530.949951
1530.569946	1517.380005
1517.359985	1490.719971
1490.709961	1507.670044
1507.640015	1509.119995
1509.119995	1493
1492.650024	1515.670044
1515.579956	1522.969971
1522.969971	1532.910034
1532.900024	1531.050049
1531.02002	1533.699951
1533.680054	1512.839966
1512.5	1522.189941
1522.189941	1502.560059
1502.560059	1497.73999
1497.680054	1492.890015
1492.619995	1506.339966
1506.319946	1505.709961
1505.699951	1503.349976
1504.660034	1519.430054
1519.119995	1524.869995
1524.859985	1525.400024
1524.959961	1530.439941
1530.430054	1531.849976
1531.849976	1510.119995
1509.930054	1518.76001
1518.73999	1547.699951
1547.680054	1552.5
1552.5	1549.52002
1549.52002	1549.369995
1549.199951	1546.170044
1546.130005	1553.079956
1553.189941	1534.099976
1534.060059	1541.569946
1541.569946	1511.040039
1511.030029	1518.089966
1518.089966	1482.660034
1482.439941	1458.949951
1458.930054	1473.910034
1473.900024	1455.27002
1455.180054	1465.810059
1465.459961	1472.199951
1472.180054	1433.060059
1433.040039	1467.670044
1467.619995	1476.709961
1476.219971	1497.48999
1497.209961	1453.089966
1453.089966	1453.640015
1453.420044	1452.920044
1452.869995	1426.540039
1426.150024	1406.699951
1406.640015	1411.27002
1411.26001	1445.939941
1445.939941	1445.550049
1445.550049	1447.119995
1447.030029	1464.069946
1464.050049	1462.5
1462.339966	1479.369995
1479.359985	1466.790039
1466.719971	1432.359985
1432.01001	1463.76001
1463.670044	1457.640015
1457.609985	1473.98999
1473.959961	1489.420044
1488.76001	1472.290039
1472.030029	1478.550049
1478.550049	1453.550049
1453.5	1451.699951
1451.689941	1471.48999
1471.099976	1471.560059
1471.469971	1483.949951
1483.949951	1484.25
1484.23999	1476.650024
1476.630005	1519.780029
1519.75	1529.030029
1528.689941	1518.75
1518.75	1525.75
1525.75	1517.72998
1516.339966	1517.209961
1518.619995	1525.420044
1527.319946	1531.380005
1531.23999	1526.75
1527.290039	1547.040039
1546.959961	1546.630005
1545.800049	1539.589966
1539.910034	1542.839966
1543.839966	1557.589966
1556.51001	1552.579956
1553.180054	1565.150024
1564.97998	1562.469971
1564.719971	1554.410034
1555.410034	1561.800049
1562.25	1548.709961
1547.810059	1538.530029
1544.439941	1541.23999
1539.290039	1540.079956
1540	1500.630005
1497.790039	1506.329956
1509.300049	1519.589966
1516.609985	1515.880005
1516.150024	1514.400024
1522.170044	1535.280029
1536.920044	1540.97998
1539.420044	1531.02002
1532.150024	1549.380005
1545.790039	1508.439941
1511.069946	1509.650024
1505.609985	1502.170044
1505.329956	1520.27002
1515.459961	1475.619995
1475.27002	1474.77002
1467.589966	1453.699951
1453.660034	1439.180054
1441.349976	1481.050049
1483.400024	1470.579956
1468.040039	1451.150024
1453.089966	1458.73999
1456.699951	1433.27002
1434.51001	1439.699951
1434.709961	1416.77002
1417.619995	1440.699951
1440.73999	1407.219971
1409.589966	1428.22998
1432.949951	1469.02002
1467.410034	1469.719971
1471.829956	1481.140015
1479.630005	1472.420044
1471.339966	1462.790039
1465.219971	1485.01001
1484.589966	1507.339966
1508.599976	1504.660034
1505.109985	1515.959961
1516.680054	1477.650024
1487.579956	1486.589966
1483.27002	1488.410034
1486.189941	1467.949951
1465.050049	1445.900024
1445.920044	1454.97998
1454.699951	1453
1456.420044	1460.119995
1463.189941	1484.459961
1484.550049	1496.449951
1495.119995	1497.660034
1495.050049	1476.27002
1479.829956	1478.48999
1475.25	1468.359985
1467.969971	1447.160034
1447.550049	1447.160034
1444.01001	1411.630005
1414.069946	1416.180054
1415.709961	1390.189941
1390.25	1409.130005
1406.780029	1420.329956
1419.910034	1401.02002
1402.910034	1416.25
1411.880005	1380.949951
1377.410034	1373.199951
1374.790039	1333.25
1333.900024	1325.189941
1312.939941	1310.5
1310.410034	1338.599976
1340.130005	1352.069946
1357.319946	1330.609985
1330.699951	1353.959961
1355.939941	1362.300049
1362.219971	1355.810059
1351.97998	1378.550049
1378.599976	1395.420044
1395.380005	1380.819946
1380.280029	1336.640015
1339.47998	1326.449951
1324.01001	1336.910034
1336.880005	1331.290039
1331.920044	1339.130005
1340.550049	1348.859985
1353.119995	1367.209961
1367.329956	1348.859985
1347.52002	1349.98999
1355.859985	1348.780029
1348.390015	1360.030029
1362.209961	1342.530029
1344.219971	1353.109985
1352.75	1371.800049
1371.76001	1381.290039
1378.949951	1380.02002
1378.160034	1367.680054
1364.069946	1330.630005
1330.449951	1331.339966
1329.579956	1326.75
1327.689941	1333.699951
1332.199951	1304.339966
1301.530029	1293.369995
1293.160034	1273.369995
1274.400024	1320.650024
1321.130005	1308.77002
1305.26001	1315.47998
1316.050049	1288.140015
1283.209961	1276.599976
1277.160034	1330.73999
1330.969971	1298.420044
1299.670044	1329.51001
1330.290039	1349.880005
1349.069946	1352.98999
1352.449951	1341.130005
1340.339966	1325.76001
1327.02002	1315.219971
1315.920044	1322.699951
1326.410034	1370.180054
1369.959961	1367.530029
1365.689941	1369.310059
1369.849976	1370.400024
1373.689941	1372.540039
1370.160034	1365.540039
1365.5	1354.48999
1355.369995	1360.550049
1357.97998	1332.829956
1332.199951	1328.319946
1331.719971	1334.430054
1337.02002	1364.709961
1363.369995	1365.560059
1369	1390.329956
1387.719971	1388.170044
1386.430054	1375.939941
1378.400024	1379.930054
1380.52002	1388.819946
1387.880005	1397.839966
1397.959961	1396.369995
1395.609985	1390.939941
1391.219971	1385.589966
1385.969971	1409.339966
1409.160034	1413.900024
1415.339966	1407.48999
1405.599976	1418.26001
1417.48999	1392.569946
1394.290039	1397.680054
1394.900024	1388.280029
1389.400024	1403.579956
1404.400024	1403.040039
1405.650024	1408.660034
1408.359985	1423.569946
1423.890015	1425.349976
1425.280029	1426.630005
1424.48999	1413.400024
1414.060059	1390.709961
1390.829956	1394.349976
1392.199951	1375.930054
1375.969971	1385.349976
1386.540039	1390.839966
1390.5	1398.26001
1398.359985	1400.380005
1399.619995	1385.670044
1386.420044	1377.650024
1376.26001	1377.199951
1377.47998	1404.050049
1400.060059	1360.680054
1360.829956	1361.76001
1358.97998	1358.439941
1357.089966	1335.48999
1335.780029	1339.869995
1341.810059	1360.030029
1358.849976	1360.140015
1360.709961	1350.930054
1349.589966	1337.810059
1336.890015	1342.829956
1341.02002	1317.930054
1319.77002	1318
1317.22998	1314.290039
1314.540039	1321.969971
1316.290039	1283.150024
1283.599976	1278.380005
1278.060059	1280
1276.689941	1284.910034
1285.819946	1261.52002
1262.959961	1262.900024
1262.900024	1252.310059
1251.839966	1273.699951
1273.380005	1244.689941
1245.25	1253.390015
1248.660034	1239.48999
1241.609985	1228.300049
1226.829956	1214.910034
1214.650024	1245.359985
1246.310059	1260.319946
1258.219971	1260.680054
1261.819946	1260
1257.079956	1277
1278.869995	1282.189941
1283.219971	1252.540039
1253.51001	1257.76001
1257.76001	1234.369995
1236.380005	1263.199951
1264.52002	1284.26001
1281.369995	1267.380005
1269.420044	1260.310059
1253.27002	1249.01001
1254.869995	1284.880005
1283.98999	1289.189941
1286.51001	1266.069946
1266.290039	1296.319946
1294.420044	1305.319946
1304.790039	1289.589966
1288.640015	1285.829956
1282.109985	1292.930054
1293.849976	1298.199951
1298.140015	1278.599976
1276.650024	1266.689941
1267.339966	1274.540039
1271.069946	1277.719971
1277.589966	1292.199951
1290.469971	1266.839966
1267.030029	1271.51001
1271.290039	1281.660034
1283.790039	1300.680054
1296.48999	1282.829956
1287.829956	1277.579956
1276.609985	1274.97998
1271.800049	1236.829956
1233.209961	1242.310059
1249.5	1267.790039
1267.97998	1224.51001
1227.5	1232.040039
1229.040039	1249.050049
1245.880005	1251.699951
1250.920044	1192.699951
1188.310059	1213.599976
1210.339966	1156.390015
1157.079956	1206.51001
1213.109985	1255.079956
1255.369995	1207.089966
1207.609985	1188.219971
1188.790039	1185.869995
1187.869995	1209.180054
1204.469971	1213.27002
1209.069946	1106.420044
1113.780029	1166.359985
1164.170044	1161.060059
1160.640015	1114.280029
1115.160034	1099.22998
1097.560059	1056.890015
1057.599976	996.22998
988.909973	984.940002
988.419983	909.919983
902.309998	899.219971
912.75	1003.349976
1009.969971	998.01001
994.599976	907.840027
909.530029	946.429993
942.289978	940.549988
943.51001	985.400024
980.400024	955.049988
951.669983	896.780029
899.080017	908.109985
895.219971	876.77002
874.280029	848.919983
848.919983	940.51001
939.51001	930.090027
939.380005	954.090027
953.109985	968.75
968.669983	966.299988
971.309998	1005.75
1001.840027	952.77002
952.400024	904.880005
907.440002	930.98999
936.75	919.210022
917.150024	898.950012
893.390015	852.299988
853.130005	911.289978
904.359985	873.289978
873.22998	850.75
852.340027	859.119995
859.030029	806.580017
805.869995	752.440002
755.840027	800.030029
801.200012	851.809998
853.400024	857.390015
852.900024	887.679993
886.890015	896.23999
888.609985	816.210022
817.940002	848.809998
843.599976	870.73999
869.75	845.219971
844.429993	876.070007
882.710022	909.700012
906.47998	888.669983
892.169983	899.23999
898.349976	873.590027
871.789978	879.72998
881.070007	868.570007
871.530029	913.179993
908.159973	904.419983
905.97998	885.280029
886.960022	887.880005
887.200012	871.630005
874.309998	863.159973
863.869995	868.150024
869.51001	872.799988
872.369995	869.419983
870.580017	890.640015
890.590027	903.25
902.98999	931.799988
929.169983	927.450012
931.169983	934.700012
927.450012	906.650024
905.72998	909.72998
909.909973	890.349976
890.400024	870.26001
869.789978	871.789978
867.280029	842.619995
841.98999	843.73999
844.450012	850.119995
849.640015	805.219971
806.77002	840.23999
839.73999	827.5
822.159973	831.950012
832.5	836.570007
837.299988	845.710022
845.72998	874.090027
868.890015	845.140015
845.690002	825.880005
823.090027	825.440002
825.690002	838.51001
837.77002	832.22998
831.75	845.849976
846.090027	868.599976
868.23999	869.890015
866.869995	827.159973
827.409973	833.73999
829.909973	835.190002
833.950012	826.840027
818.609985	789.169983
791.059998	788.419983
787.909973	778.940002
775.869995	770.049988
773.25	743.330017
744.690002	773.140015
770.640015	764.900024
765.76001	752.830017
749.929993	735.090027
729.570007	700.820007
704.440002	696.330017
698.599976	712.869995
708.27002	682.549988
684.039978	683.380005
680.76001	676.530029
679.280029	719.599976
719.590027	721.359985
720.890015	750.73999
751.969971	756.549988
758.840027	753.890015
753.880005	778.119995
776.01001	794.349976
797.919983	784.039978
784.580017	768.539978
772.309998	822.919983
820.599976	806.119995
806.809998	813.880005
814.059998	832.859985
828.679993	815.940002
809.070007	787.530029
790.880005	797.869995
793.590027	811.080017
814.530029	834.380005
835.130005	842.5
839.75	835.47998
834.119995	815.549988
816.76001	825.159973
829.289978	856.559998
855.330017	858.72998
856.880005	841.5
839.440002	852.059998
854.539978	865.299988
865.179993	869.599976
868.27002	832.390015
831.25	850.080017
847.26001	843.549988
844.619995	851.919983
853.909973	866.22998
862.820007	857.51001
854.47998	855.159973
856.849976	873.640015
876.590027	872.809998
872.73999	877.52002
879.210022	907.23999
906.099976	903.799988
903.950012	919.530029
919.580017	907.390015
909.030029	929.22998
922.98999	909.23999
910.52002	908.349976
905.400024	883.919983
884.23999	893.070007
892.76001	882.880005
886.070007	909.710022
909.669983	908.130005
908.619995	903.469971
900.419983	888.330017
888.679993	887
887	910.330017
909.950012	893.059998
892.960022	906.830017
907.02002	919.140015
923.26001	942.869995
942.869995	944.73999
942.51001	931.76001
932.48999	942.460022
945.669983	940.090027
938.119995	939.140015
940.349976	942.429993
942.72998	939.150024
939.039978	944.890015
943.440002	946.210022
942.450012	923.719971
925.599976	911.969971
911.890015	910.710022
910.859985	918.369995
919.960022	921.22998
918.130005	893.039978
893.460022	895.099976
896.309998	900.940002
899.450012	920.26001
918.840027	918.900024
919.859985	927.22998
927.150024	919.320007
920.820007	923.330017
921.23999	896.419983
894.27002	898.719971
898.599976	881.030029
881.900024	879.559998
881.280029	882.679993
880.030029	879.130005
879.570007	901.049988
900.77002	905.840027
910.150024	932.679993
930.169983	940.73999
940.559998	940.380005
942.070007	951.130005
951.969971	954.580017
953.400024	954.070007
954.070007	976.289978
972.159973	979.26001
978.630005	982.179993
981.47998	979.619995
977.659973	975.150024
976.01001	986.75
986.799988	987.47998
990.219971	1002.630005
1001.409973	1005.650024
1005.409973	1002.719971
1004.059998	997.080017
999.830017	1010.47998
1008.890015	1007.099976
1005.77002	994.349976
994	1005.809998
1005.859985	1012.72998
1012.22998	1004.090027
998.179993	979.72998
980.619995	989.669983
986.880005	996.460022
996.409973	1007.369995
1009.059998	1026.130005
1026.589966	1025.569946
1026.630005	1028
1027.349976	1028.119995
1027.810059	1030.97998
1031.619995	1028.930054
1025.209961	1020.619995
1019.52002	998.039978
996.070007	994.75
996.119995	1003.23999
1003.840027	1016.400024
1018.669983	1025.390015
1025.359985	1033.369995
1032.98999	1044.140015
1043.920044	1042.72998
1040.150024	1049.339966
1049.030029	1052.630005
1053.98999	1068.76001
1067.869995	1065.48999
1066.599976	1068.300049
1067.140015	1064.660034
1066.349976	1071.660034
1072.689941	1060.869995
1062.560059	1050.780029
1049.47998	1044.380005
1045.380005	1062.97998
1063.689941	1060.609985
1061.02002	1057.079956
1054.910034	1029.849976
1029.709961	1025.209961
1026.869995	1040.459961
1042.02002	1054.719971
1053.650024	1057.579956
1060.030029	1065.47998
1065.280029	1071.48999
1071.630005	1076.189941
1074.959961	1073.189941
1078.680054	1092.02002
1090.359985	1096.560059
1094.670044	1087.680054
1088.219971	1097.910034
1098.640015	1091.060059
1090.359985	1081.400024
1080.959961	1092.910034
1095.619995	1079.599976
1080.359985	1066.949951
1067.540039	1063.410034
1061.51001	1042.630005
1043.689941	1066.109985
1065.410034	1036.189941
1036.180054	1042.880005
1040.920044	1045.410034
1047.140015	1046.5
1047.300049	1066.630005
1064.949951	1069.300049
1072.310059	1093.079956
1091.859985	1093.01001
1096.040039	1098.51001
1098.310059	1087.23999
1087.589966	1093.47998
1094.130005	1109.300049
1109.219971	1110.319946
1109.439941	1109.800049
1106.439941	1094.900024
1094.660034	1091.380005
1094.859985	1106.23999
1105.829956	1105.650024
1106.48999	1110.630005
1105.469971	1091.48999
1091.069946	1095.630005
1098.890015	1108.859985
1109.030029	1109.23999
1110.589966	1099.920044
1100.430054	1105.97998
1105.52002	1103.25
1103.040039	1091.939941
1091.069946	1095.949951
1098.689941	1102.349976
1103.959961	1106.410034
1107.839966	1114.109985
1114.109985	1107.930054
1108.609985	1109.180054
1106.359985	1096.079956
1097.859985	1102.469971
1105.310059	1114.050049
1114.51001	1118.02002
1118.839966	1120.589966
1121.079956	1126.47998
1127.530029	1127.780029
1128.550049	1126.199951
1125.530029	1126.420044
1126.599976	1115.099976
1116.560059	1132.98999
1132.660034	1136.52002
1135.709961	1137.140015
1136.27002	1141.689941
1140.52002	1144.97998
1145.959961	1146.97998
1143.810059	1136.219971
1137.310059	1145.680054
1145.680054	1148.459961
1147.719971	1136.030029
1136.030029	1150.22998
1147.949951	1138.040039
1138.680054	1116.47998
1115.48999	1091.76001
1092.400024	1096.780029
1095.800049	1092.170044
1091.939941	1097.5
1096.930054	1084.530029
1087.609985	1073.869995
1073.890015	1089.189941
1090.050049	1103.319946
1100.670044	1097.280029
1097.25	1063.109985
1064.119995	1066.189941
1065.51001	1056.73999
1060.060059	1070.52002
1069.680054	1068.130005
1067.099976	1078.469971
1075.949951	1075.51001
1079.130005	1094.869995
1096.140015	1099.51001
1099.030029	1106.75
1105.48999	1109.170044
1110	1108.01001
1107.48999	1094.599976
1095.890015	1105.23999
1101.23999	1102.939941
1103.099976	1104.48999
1105.359985	1115.709961
1117.01001	1118.310059
1119.359985	1118.790039
1119.119995	1122.969971
1125.119995	1138.699951
1138.400024	1138.5
1137.560059	1140.449951
1140.219971	1145.609985
1143.959961	1150.23999
1151.709961	1149.98999
1148.530029	1150.51001
1150.829956	1159.459961
1159.939941	1166.209961
1166.130005	1165.829956
1166.680054	1159.900024
1157.25	1165.810059
1166.469971	1174.170044
1172.699951	1167.719971
1170.030029	1165.72998
1167.579956	1166.589966
1167.709961	1173.219971
1173.75	1173.27002
1171.75	1169.430054
1171.22998	1178.099976
1178.709961	1187.439941
1186.01001	1189.439941
1188.22998	1182.449951
1181.75	1186.439941
1187.469971	1194.369995
1194.939941	1196.47998
1195.939941	1197.300049
1198.689941	1210.650024
1210.77002	1211.670044
1210.170044	1192.130005
1192.060059	1197.52002
1199.040039	1207.170044
1207.160034	1205.939941
1202.52002	1208.670044
1207.869995	1217.280029
1217.069946	1212.050049
1209.920044	1183.709961
1184.589966	1191.359985
1193.300049	1206.780029
1206.77002	1186.689941
1188.579956	1202.26001
1197.5	1173.599976
1169.23999	1165.869995
1164.380005	1128.150024
1127.040039	1110.880005
1122.27002	1159.72998
1156.390015	1155.790039
1155.430054	1171.670044
1170.040039	1157.439941
1157.189941	1135.680054
1136.52002	1136.939941
1138.780029	1120.800049
1119.569946	1115.050049
1107.339966	1071.589966
1067.26001	1087.689941
1084.780029	1073.650024
1067.420044	1074.030029
1075.51001	1067.949951
1074.27002	1103.060059
1102.589966	1089.410034
1087.300049	1070.709961
1073.01001	1098.380005
1098.819946	1102.829956
1098.430054	1064.880005
1065.839966	1050.469971
1050.810059	1062
1062.75	1055.689941
1058.77002	1086.839966
1082.650024	1091.599976
1095	1089.630005
1091.209961	1115.22998
1114.02002	1114.609985
1115.97998	1116.040039
1116.160034	1117.51001
1122.790039	1113.199951
1113.900024	1095.310059
1095.569946	1092.040039
1090.930054	1073.689941
1075.099976	1076.76001
1077.5	1074.569946
1071.099976	1041.23999
1040.560059	1030.709961
1031.099976	1027.369995
1027.650024	1022.580017
1028.089966	1028.060059
1028.540039	1060.27002
1062.920044	1070.25
1070.5	1077.959961
1077.22998	1078.75
1080.650024	1095.339966
1095.609985	1095.170044
1094.459961	1096.47998
1093.849976	1064.880005
1066.849976	1071.25
1064.530029	1083.47998
1086.670044	1069.589966
1072.140015	1093.670044
1092.170044	1102.660034
1102.890015	1115.01001
1117.359985	1113.839966
1112.839966	1106.130005
1108.069946	1101.530029
1098.439941	1101.599976
1107.530029	1125.859985
1125.339966	1120.459961
1121.060059	1127.23999
1125.780029	1125.810059
1122.069946	1121.640015
1122.800049	1127.790039
1122.920044	1121.060059
1116.890015	1089.469971
1081.47998	1083.609985
1082.219971	1079.25
1077.48999	1079.380005
1081.160034	1092.540039
1092.079956	1094.160034
1092.439941	1075.630005
1075.630005	1071.689941
1073.359985	1067.359985
1063.199951	1051.869995
1048.97998	1055.329956
1056.280029	1047.219971
1049.27002	1064.589966
1062.900024	1048.920044
1046.880005	1049.329956
1049.719971	1080.290039
1080.660034	1090.099976
1093.609985	1104.51001
1102.599976	1091.839966
1092.359985	1098.869995
1101.150024	1104.180054
1104.569946	1109.550049
1113.380005	1121.900024
1121.160034	1121.099976
1119.430054	1125.069946
1123.890015	1124.660034
1126.390015	1125.589966
1126.569946	1142.709961
1142.819946	1139.780029
1139.48999	1134.280029
1131.099976	1124.829956
1131.689941	1148.670044
1148.640015	1142.160034
1142.310059	1147.699951
1146.75	1144.72998
1145.969971	1141.199951
1143.48999	1146.23999
1144.959961	1137.030029
1140.680054	1160.75
1159.810059	1159.969971
1161.569946	1158.060059
1158.359985	1165.150024
1165.319946	1165.319946
1164.280029	1169.77002
1171.319946	1178.099976
1177.819946	1173.810059
1177.469971	1176.189941
1176.829956	1184.709961
1178.640015	1165.900024
1166.73999	1178.170044
1179.819946	1180.26001
1180.52002	1183.079956
1184.73999	1185.619995
1184.880005	1185.640015
1183.839966	1182.449951
1184.469971	1183.780029
1183.869995	1183.26001
1185.709961	1184.380005
1187.859985	1193.569946
1193.790039	1197.959961
1198.339966	1221.060059
1221.199951	1225.849976
1223.23999	1223.25
1223.589966	1213.400024
1213.140015	1218.709961
1213.040039	1213.540039
1209.069946	1199.209961
1200.439941	1197.75
1194.790039	1178.339966
1178.329956	1178.589966
1183.75	1196.689941
1196.119995	1199.72998
1198.069946	1197.839966
1192.51001	1180.72998
1183.699951	1198.349976
1194.160034	1189.400024
1189.079956	1187.76001
1182.959961	1180.550049
1186.599976	1206.069946
1206.810059	1221.530029
1219.930054	1224.709961
1223.869995	1223.119995
1227.25	1223.75
1225.02002	1228.280029
1230.140015	1233
1233.849976	1240.400024
1242.52002	1240.459961
1241.839966	1241.589966
1241.579956	1235.22998
1236.339966	1242.869995
1243.630005	1243.910034
1245.76001	1247.079956
1249.430054	1254.599976
1254.939941	1258.839966
1257.530029	1256.77002
1254.660034	1257.540039
1259.099976	1258.51001
1258.780029	1259.780029
1259.439941	1257.880005
1256.76001	1257.640015
1257.619995	1271.869995
1272.949951	1270.199951
1268.780029	1276.560059
1276.290039	1273.849976
1274.410034	1271.5
1270.839966	1269.75
1272.579956	1274.47998
1275.650024	1285.959961
1285.780029	1283.76001
1282.900024	1293.23999
1293.219971	1295.02002
1294.52002	1281.920044
1280.849976	1280.26001
1283.630005	1283.349976
1283.290039	1290.839966
1288.170044	1291.180054
1291.969971	1296.630005
1297.51001	1299.540039
1299.630005	1276.339966
1276.5	1286.119995
1289.140015	1307.589966
1305.910034	1304.030029
1302.77002	1307.099976
1307.01001	1310.869995
1311.849976	1319.050049
1318.76001	1324.569946
1322.47998	1320.880005
1318.130005	1321.869995
1318.660034	1329.150024
1328.72998	1332.319946
1330.430054	1328.01001
1329.51001	1336.319946
1334.369995	1340.430054
1340.380005	1343.01001
1338.910034	1315.439941
1315.439941	1307.400024
1307.089966	1306.099976
1307.339966	1319.880005
1321.609985	1327.219971
1328.640015	1306.329956
1305.469971	1308.439941
1312.369995	1330.969971
1330.72998	1321.150024
1322.719971	1310.130005
1311.050049	1321.819946
1319.920044	1320.02002
1315.719971	1295.109985
1293.430054	1304.280029
1301.189941	1296.390015
1288.459961	1281.869995
1279.459961	1256.880005
1261.609985	1273.719971
1276.709961	1279.209961
1281.650024	1298.380005
1298.290039	1293.77002
1292.189941	1297.540039
1300.609985	1309.660034
1311.800049	1313.800049
1315.449951	1310.189941
1309.369995	1319.439941
1321.890015	1328.26001
1327.439941	1325.829956
1329.47998	1332.410034
1333.560059	1332.869995
1332.030029	1332.630005
1335.939941	1335.540039
1334.819946	1333.51001
1336.160034	1328.170044
1329.01001	1324.459961
1321.959961	1314.160034
1314.030029	1314.410034
1311.130005	1314.52002
1314.540039	1319.680054
1313.349976	1305.140015
1305.98999	1312.619995
1319.119995	1330.359985
1333.22998	1337.380005
1337.140015	1335.25
1336.75	1347.23999
1348.430054	1355.660034
1353.859985	1360.47998
1360.140015	1363.609985
1365.209961	1361.219971
1359.76001	1356.619995
1355.900024	1347.319946
1344.160034	1335.099976
1340.23999	1340.199951
1340.199951	1346.290039
1348.339966	1357.160034
1354.51001	1342.079956
1339.390015	1348.650024
1348.689941	1337.77002
1334.77002	1329.469971
1326.099976	1328.97998
1328.540039	1340.680054
1342.400024	1343.599976
1342	1333.27002
1333.069946	1317.369995
1317.699951	1316.280029
1316.359985	1320.469971
1320.640015	1325.689941
1325.689941	1331.099976
1331.099976	1345.199951
1345.199951	1314.550049
1314.550049	1312.939941
1312.939941	1300.160034
1300.26001	1286.170044
1286.310059	1284.939941
1284.630005	1279.560059
1279.630005	1289
1288.599976	1270.97998
1271.310059	1271.829956
1272.219971	1287.869995
1287.869995	1265.420044
1265.530029	1267.640015
1268.579956	1271.5
1271.5	1278.359985
1278.400024	1295.52002
1295.47998	1287.140015
1286.599976	1283.5
1283.040039	1268.449951
1268.439941	1280.099976
1280.209961	1296.670044
1296.849976	1307.410034
1307.640015	1320.640015
1320.640015	1339.670044
1339.589966	1337.880005
1337.560059	1339.219971
1339.619995	1353.219971
1352.390015	1343.800049
1343.310059	1319.48999
1319.609985	1313.640015
1314.449951	1317.719971
1317.73999	1308.869995
1308.869995	1316.140015
1315.939941	1305.439941
1307.069946	1326.72998
1328.660034	1325.839966
1325.650024	1343.800049
1343.800049	1345.02002
1344.319946	1337.430054
1337.390015	1331.939941
1331.910034	1304.890015
1304.839966	1300.670044
1300.119995	1292.280029
1292.589966	1286.939941
1286.560059	1254.050049
1254.25	1260.339966
1260.22998	1200.069946
1200.280029	1199.380005
1198.47998	1119.459961
1120.22998	1172.530029
1171.77002	1120.76001
1121.300049	1172.640015
1172.869995	1178.810059
1178.859985	1204.48999
1204.219971	1192.76001
1192.890015	1193.890015
1189.619995	1140.650024
1140.469971	1123.530029
1123.550049	1123.819946
1124.359985	1162.349976
1162.160034	1177.599976
1176.689941	1159.27002
1158.849976	1176.800049
1177.910034	1210.079956
1209.76001	1212.920044
1213	1218.890015
1219.119995	1204.420044
1203.900024	1173.969971
1173.969971	1165.23999
1165.849976	1198.619995
1197.97998	1185.900024
1185.369995	1154.22998
1153.5	1162.27002
1162.589966	1172.869995
1173.319946	1188.680054
1189.439941	1209.109985
1209.209961	1216.01001
1214.98999	1204.089966
1204.5	1202.089966
1203.630005	1166.76001
1164.550049	1129.560059
1128.819946	1136.430054
1136.910034	1162.949951
1163.319946	1175.380005
1175.390015	1151.060059
1151.73999	1160.400024
1159.930054	1131.420044
1131.209961	1099.22998
1097.420044	1123.949951
1124.030029	1144.030029
1144.109985	1164.969971
1165.030029	1155.459961
1158.150024	1194.890015
1194.599976	1195.540039
1196.189941	1207.25
1206.959961	1203.660034
1205.650024	1224.579956
1224.469971	1200.859985
1200.75	1225.380005
1223.459961	1209.880005
1209.920044	1215.390015
1215.390015	1238.25
1238.719971	1254.189941
1254.189941	1229.050049
1229.170044	1242
1243.969971	1284.589966
1284.390015	1285.089966
1284.959961	1253.300049
1251	1218.280029
1219.619995	1237.900024
1238.25	1261.150024
1260.819946	1253.22998
1253.209961	1261.119995
1261.119995	1275.920044
1275.180054	1229.099976
1229.589966	1239.699951
1240.119995	1263.849976
1263.849976	1251.780029
1251.699951	1257.810059
1257.810059	1236.910034
1236.560059	1216.130005
1216.189941	1215.650024
1215.619995	1192.97998
1192.97998	1188.040039
1187.47998	1161.790039
1161.410034	1158.670044
1158.670044	1192.550049
1192.560059	1195.189941
1196.719971	1246.959961
1246.910034	1244.579956
1246.030029	1244.280029
1244.329956	1257.079956
1257.189941	1258.469971
1258.140015	1261.01001
1260.869995	1234.349976
1234.47998	1255.189941
1255.050049	1236.469971
1236.829956	1225.72998
1225.72998	1211.819946
1212.119995	1215.75
1216.089966	1219.660034
1219.73999	1205.349976
1205.719971	1241.300049
1241.25	1243.719971
1243.719971	1254
1254	1265.329956
1265.02002	1265.430054
1265.380005	1249.640015
1249.75	1263.02002
1262.819946	1257.599976
1258.859985	1277.060059
1277.030029	1277.300049
1277.300049	1281.060059
1280.930054	1277.810059
1277.829956	1280.699951
1280.77002	1292.079956
1292.02002	1292.47998
1292.47998	1295.5
1294.819946	1289.089966
1290.219971	1293.670044
1293.650024	1308.040039
1308.069946	1314.5
1314.48999	1315.380005
1315.290039	1316
1315.959961	1314.650024
1314.400024	1326.060059
1326.280029	1318.430054
1318.25	1316.329956
1316.160034	1313.01001
1313.530029	1312.410034
1312.449951	1324.089966
1324.23999	1325.540039
1326.209961	1344.900024
1344.319946	1344.329956
1344.329956	1347.050049
1347.040039	1349.959961
1349.969971	1351.949951
1351.209961	1342.640015
1343.060059	1351.77002
1351.300049	1350.5
1350.52002	1343.22998
1342.609985	1358.040039
1358.060059	1361.22998
1361.219971	1362.209961
1362.109985	1357.660034
1357.530029	1363.459961
1363.459961	1365.73999
1365.199951	1367.589966
1367.560059	1372.180054
1372.199951	1365.680054
1365.900024	1374.089966
1374.089966	1369.630005
1369.589966	1364.329956
1363.630005	1343.359985
1343.390015	1352.630005
1352.650024	1365.910034
1365.969971	1370.869995
1370.780029	1371.089966
1371.920044	1395.949951
1395.949951	1394.280029
1394.170044	1402.599976
1402.550049	1404.170044
1404.170044	1409.75
1409.589966	1405.52002
1405.52002	1402.890015
1402.890015	1392.780029
1392.780029	1397.109985
1397.109985	1416.51001
1416.550049	1412.52002
1412.52002	1405.540039
1405.390015	1403.280029
1403.310059	1408.469971
1408.469971	1419.040039
1418.97998	1413.380005
1413.089966	1398.959961
1398.790039	1398.079956
1397.449951	1382.199951
1382.180054	1358.589966
1358.97998	1368.709961
1368.77002	1387.569946
1387.609985	1370.26001
1370.27002	1369.569946
1369.569946	1390.780029
1390.780029	1385.140015
1385.079956	1376.920044
1376.959961	1378.530029
1378.530029	1366.939941
1366.969971	1371.969971
1372.109985	1390.689941
1390.640015	1399.97998
1400.189941	1403.359985
1403.26001	1397.910034
1397.859985	1405.819946
1405.5	1402.310059
1402.319946	1391.569946
1391.51001	1369.099976
1368.790039	1369.579956
1369.160034	1363.719971
1363.199951	1354.579956
1354.579956	1357.98999
1358.109985	1353.390015
1351.930054	1338.349976
1338.359985	1330.660034
1330.780029	1324.800049
1324.819946	1304.859985
1305.050049	1295.219971
1295.72998	1315.98999
1316.089966	1316.630005
1316.02002	1318.859985
1318.719971	1320.680054
1320.810059	1317.819946
1318.900024	1332.420044
1331.25	1313.319946
1313.089966	1310.329956
1309.869995	1278.040039
1278.290039	1278.180054
1277.819946	1285.5
1285.609985	1315.130005
1316.150024	1314.98999
1314.98999	1325.660034
1325.719971	1308.930054
1309.400024	1324.180054
1324.02002	1314.880005
1314.880005	1329.099976
1329.189941	1342.839966
1342.420044	1344.780029
1344.829956	1357.97998
1358.040039	1355.689941
1355.430054	1325.51001
1325.920044	1335.02002
1334.900024	1313.719971
1314.089966	1319.98999
1320.709961	1331.849976
1331.52002	1329.040039
1330.119995	1362.160034
1362.329956	1365.51001
1365.75	1374.02002
1373.719971	1367.579956
1367.089966	1354.680054
1354.660034	1352.459961
1352.959961	1341.469971
1341.400024	1341.449951
1341.290039	1334.76001
1334.810059	1356.780029
1356.5	1353.640015
1353.680054	1363.670044
1363.579956	1372.780029
1373.01001	1376.51001
1376.51001	1362.660034
1362.339966	1350.52002
1350.52002	1338.310059
1338.349976	1337.890015
1338.170044	1360.02002
1360.050049	1385.969971
1385.939941	1385.300049
1385.27002	1379.319946
1379.319946	1375.319946
1375.130005	1365
1365.449951	1390.98999
1391.040039	1394.22998
1394.459961	1401.349976
1401.22998	1402.219971
1402.26001	1402.800049
1402.579956	1405.869995
1405.869995	1404.109985
1404.359985	1403.930054
1403.890015	1405.530029
1405.569946	1415.51001
1415.839966	1418.160034
1417.849976	1418.130005
1418.130005	1413.170044
1413.089966	1413.48999
1413.48999	1402.079956
1401.98999	1411.130005
1411.130005	1410.439941
1410.439941	1409.300049
1409.319946	1410.48999
1410.079956	1399.47998
1400.069946	1406.579956
1406.540039	1404.939941
1404.939941	1403.439941
1403.73999	1432.119995
1432.119995	1437.920044
1437.920044	1429.079956
1429.130005	1433.560059
1433.560059	1436.560059
1436.560059	1459.98999
1460.069946	1465.77002
1465.420044	1461.189941
1461.189941	1459.319946
1459.5	1461.050049
1461.050049	1460.26001
1460.339966	1460.150024
1459.76001	1456.890015
1456.939941	1441.589966
1441.599976	1433.319946
1433.359985	1447.150024
1447.130005	1440.670044
1440.900024	1444.48999
1444.98999	1445.75
1446.050049	1450.98999
1451.079956	1461.400024
1461.400024	1460.930054
1460.930054	1455.880005
1455.900024	1441.47998
1441.47998	1432.560059
1432.819946	1432.839966
1432.839966	1428.589966
1428.75	1440.130005
1440.310059	1454.920044
1454.219971	1460.910034
1460.939941	1457.339966
1457.339966	1433.189941
1433.209961	1433.819946
1433.73999	1413.109985
1413.199951	1408.75
1409.73999	1412.969971
1412.969971	1411.939941
1410.98999	1412.160034
1412.199951	1427.589966
1427.589966	1414.199951
1414.02002	1417.26001
1417.26001	1428.390015
1428.27002	1394.530029
1394.530029	1377.51001
1377.550049	1379.849976
1379.859985	1380.030029
1380.030029	1374.530029
1374.640015	1355.48999
1355.410034	1353.329956
1353.359985	1359.880005
1359.880005	1386.890015
1386.819946	1387.810059
1387.790039	1391.030029
1391.030029	1409.150024
1409.150024	1406.290039
1406.290039	1398.939941
1398.77002	1409.930054
1409.959961	1415.949951
1415.949951	1416.180054
1416.339966	1409.459961
1409.459961	1407.050049
1407.050049	1409.280029
1409.430054	1413.939941
1413.949951	1418.069946
1418.069946	1418.550049
1418.550049	1427.839966
1427.839966	1428.47998
1428.47998	1419.449951
1419.449951	1413.579956
1413.540039	1430.359985
1430.469971	1446.790039
1446.790039	1435.810059
1435.810059	1443.689941
1443.670044	1430.150024
1430.150024	1426.660034
1426.660034	1419.829956
1419.829956	1418.099976
1418.099976	1402.430054
1402.430054	1426.189941
1426.189941	1462.420044
1462.420044	1459.369995
1459.369995	1466.469971
1466.469971	1461.890015
1461.890015	1457.150024
1457.150024	1461.02002
1461.02002	1472.119995
1472.119995	1472.050049
1472.050049	1470.680054
1470.670044	1472.339966
1472.329956	1472.630005
1472.630005	1480.939941
1480.949951	1485.97998
1485.97998	1492.560059
1492.560059	1494.810059
1494.810059	1494.819946
1494.819946	1502.959961
1502.959961	1500.180054
1500.180054	1507.839966
1507.839966	1501.959961
1501.959961	1498.109985
1498.109985	1513.170044
1513.170044	1495.709961
1495.709961	1511.290039
1511.290039	1512.119995
1512.119995	1509.390015
1509.390015	1517.930054
1517.930054	1517.01001
1517.01001	1519.430054
1519.430054	1520.329956
1520.329956	1521.380005
1521.380005	1519.790039
1519.790039	1530.939941
1530.939941	1511.949951
1511.949951	1502.420044
1502.420044	1515.599976
1515.599976	1487.849976
1487.849976	1496.939941
1496.939941	1515.98999
1515.98999	1514.680054
1514.680054	1518.199951
1518.199951	1525.199951
1525.199951	1539.790039
1539.790039	1541.459961
1541.459961	1544.26001
1544.26001	1551.180054
1551.150024	1556.219971
1556.219971	1552.47998
1552.47998	1554.52002
1554.52002	1563.22998
1563.209961	1560.699951
1560.699951	1552.099976
1552.099976	1548.339966
1548.339966	1558.709961
1558.709961	1545.800049
1545.900024	1556.890015
1556.890015	1551.689941
1551.689941	1563.77002
1563.75	1562.849976
1562.859985	1569.189941
1569.180054	1562.170044
1562.170044	1570.25
1570.25	1553.689941
1553.689941	1559.97998
1559.97998	1553.280029
1553.26001	1563.069946
1563.109985	1568.609985
1568.609985	1587.72998
1587.72998	1593.369995
1593.300049	1588.849976
1588.839966	1552.359985
1552.359985	1574.569946
1574.569946	1552.01001
1552.030029	1541.609985
1541.609985	1555.25
1555.25	1562.5
1562.5	1578.780029
1578.780029	1578.790039
1578.930054	1585.160034
1585.160034	1582.23999
1582.339966	1593.609985
1593.579956	1597.569946
1597.550049	1582.699951
1582.77002	1597.589966
1597.599976	1614.420044
1614.400024	1617.5
1617.550049	1625.959961
1625.949951	1632.689941
1632.689941	1626.670044
1626.689941	1633.699951
1632.099976	1633.77002
1633.75	1650.339966
1649.130005	1658.780029
1658.069946	1650.469971
1652.449951	1667.469971
1665.709961	1666.290039
1666.199951	1669.160034
1669.390015	1655.349976
1651.619995	1650.51001
1646.670044	1649.599976
1652.630005	1660.060059
1656.569946	1648.359985
1649.140015	1654.410034
1652.130005	1630.73999
1631.709961	1640.420044
1640.72998	1631.380005
1629.050049	1608.900024
1609.290039	1622.560059
1625.27002	1643.380005
1644.670044	1642.810059
1638.640015	1626.130005
1629.939941	1612.52002
1612.150024	1636.359985
1635.52002	1626.72998
1630.640015	1639.040039
1639.77002	1651.810059
1651.829956	1628.930054
1624.619995	1588.189941
1588.619995	1592.430054
1588.77002	1573.089966
1577.52002	1588.030029
1592.27002	1603.26001
1606.439941	1613.199951
1611.119995	1606.280029
1609.780029	1614.959961
1614.290039	1614.079956
1611.47998	1615.410034
1618.650024	1631.890015
1634.199951	1640.459961
1642.890015	1652.319946
1651.560059	1652.619995
1657.410034	1675.02002
1675.26001	1680.189941
1679.589966	1682.5
1682.699951	1676.26001
1677.910034	1680.910034
1681.050049	1689.369995
1686.150024	1692.089966
1694.410034	1695.530029
1696.630005	1692.390015
1696.060059	1685.939941
1685.209961	1690.25
1687.310059	1691.650024
1690.319946	1685.329956
1687.920044	1685.959961
1687.76001	1685.72998
1689.420044	1706.869995
1706.099976	1709.670044
1708.01001	1707.140015
1705.790039	1697.369995
1695.300049	1690.910034
1693.349976	1697.47998
1696.099976	1691.420044
1688.369995	1689.469971
1690.650024	1694.160034
1693.880005	1685.390015
1679.609985	1661.319946
1661.219971	1655.829956
1655.25	1646.060059
1646.810059	1652.349976
1650.660034	1642.800049
1645.030029	1656.959961
1659.920044	1663.5
1664.290039	1656.780029
1652.540039	1630.47998
1630.25	1634.959961
1633.5	1638.170044
1638.890015	1632.969971
1635.949951	1639.77002
1640.719971	1653.079956
1653.280029	1655.079956
1657.439941	1655.170044
1656.849976	1671.709961
1675.109985	1683.98999
1681.040039	1689.130005
1689.209961	1683.420044
1685.040039	1687.98999
1691.699951	1697.599976
1697.72998	1704.76001
1705.73999	1725.52002
1727.339966	1722.339966
1722.439941	1709.910034
1711.439941	1701.839966
1702.599976	1697.420044
1698.02002	1692.77002
1694.050049	1698.670044
1695.52002	1691.75
1687.26001	1681.550049
1682.410034	1695
1691.900024	1693.869995
1692.349976	1678.660034
1678.790039	1690.5
1687.150024	1676.119995
1676.219971	1655.449951
1656.98999	1656.400024
1660.880005	1692.560059
1691.089966	1703.199951
1699.859985	1710.140015
1709.170044	1698.060059
1700.48999	1721.540039
1720.170044	1733.150024
1736.719971	1744.5
1745.199951	1744.660034
1746.47998	1754.670044
1752.27002	1746.380005
1747.47998	1752.069946
1756.01001	1759.77002
1759.420044	1762.109985
1762.930054	1771.949951
1772.27002	1763.310059
1763.23999	1756.540039
1758.699951	1761.640015
1763.400024	1767.930054
1765.670044	1762.969971
1765	1770.48999
1770.73999	1747.150024
1748.369995	1770.609985
1769.959961	1771.890015
1769.51001	1767.689941
1764.369995	1782
1782.75	1790.619995
1790.660034	1798.180054
1798.819946	1791.530029
1790.790039	1787.869995
1789.589966	1781.369995
1783.52002	1795.849976
1797.209961	1804.76001
1806.329956	1802.47998
1802.869995	1802.75
1803.47998	1807.22998
1808.689941	1805.810059
1806.550049	1800.900024
1800.099976	1795.150024
1793.150024	1792.810059
1792.819946	1785.030029
1788.359985	1805.089966
1806.209961	1808.369995
1807.599976	1802.619995
1802.76001	1782.219971
1781.709961	1775.5
1777.97998	1775.319946
1777.47998	1786.540039
1786.469971	1781
1781.459961	1810.650024
1809	1809.599976
1810.390015	1818.319946
1822.920044	1827.98999
1828.02002	1833.319946
1834.959961	1842.02002
1842.969971	1841.400024
1841.469971	1841.069946
1842.609985	1848.359985
1845.859985	1831.97998
1833.209961	1831.369995
1832.310059	1826.77002
1828.709961	1837.880005
1837.900024	1837.48999
1839	1838.130005
1840.060059	1842.369995
1841.26001	1819.199951
1821.359985	1838.880005
1840.52002	1848.380005
1847.98999	1845.890015
1844.22998	1838.699951
1841.050049	1843.800049
1844.709961	1844.859985
1842.290039	1828.459961
1826.959961	1790.290039
1791.030029	1781.560059
1783	1792.5
1790.150024	1774.199951
1777.170044	1794.189941
1790.880005	1782.589966
1782.680054	1741.890015
1743.819946	1755.199951
1753.380005	1751.640015
1752.98999	1773.430054
1776.01001	1797.02002
1796.199951	1799.839966
1800.449951	1819.75
1820.119995	1819.26001
1814.819946	1829.829956
1828.459961	1838.630005
1839.030029	1840.76001
1838.900024	1828.75
1829.23999	1839.780029
1841.069946	1836.25
1836.780029	1847.609985
1847.660034	1845.119995
1845.790039	1845.160034
1844.900024	1854.290039
1855.119995	1859.449951
1857.680054	1845.72998
1849.22998	1873.910034
1874.050049	1873.810059
1874.180054	1877.030029
1878.52002	1878.040039
1877.859985	1877.170044
1878.26001	1867.630005
1866.150024	1868.199951
1869.060059	1846.339966
1845.069946	1841.130005
1842.810059	1858.829956
1858.920044	1872.25
1872.25	1860.77002
1860.089966	1872.01001
1874.530029	1866.52002
1867.670044	1857.439941
1859.47998	1865.619995
1867.089966	1852.560059
1852.109985	1849.040039
1850.069946	1857.619995
1859.160034	1872.339966
1873.959961	1885.52002
1886.609985	1890.900024
1891.430054	1888.77002
1890.25	1865.089966
1863.920044	1845.040039
1845.47998	1851.959961
1852.640015	1872.180054
1872.280029	1833.079956
1830.650024	1815.689941
1818.180054	1830.609985
1831.449951	1842.97998
1846.01001	1862.310059
1861.72998	1864.849976
1865.790039	1871.890015
1872.569946	1879.550049
1879.319946	1875.390015
1881.969971	1878.609985
1877.719971	1863.400024
1865	1869.430054
1870.780029	1878.329956
1877.099976	1883.949951
1884.390015	1883.680054
1885.300049	1881.140015
1879.449951	1884.660034
1883.689941	1867.719971
1868.530029	1878.209961
1877.390015	1875.630005
1875.27002	1878.47998
1880.030029	1896.650024
1896.75	1897.449951
1897.130005	1888.530029
1888.160034	1870.849976
1871.189941	1877.859985
1876.660034	1885.079956
1884.880005	1872.829956
1873.339966	1888.030029
1888.189941	1892.48999
1893.319946	1900.530029
1902.01001	1911.910034
1911.77002	1909.780029
1910.599976	1920.030029
1920.329956	1923.569946
1923.869995	1924.969971
1923.069946	1924.23999
1923.060059	1927.880005
1928.52002	1940.459961
1942.410034	1949.439941
1948.969971	1951.27002
1950.339966	1950.790039
1949.369995	1943.890015
1943.349976	1930.109985
1930.800049	1936.160034
1934.839966	1937.780029
1937.150024	1941.98999
1942.72998	1956.97998
1957.5	1959.47998
1960.449951	1962.869995
1962.920044	1962.609985
1961.969971	1949.97998
1949.27002	1959.530029
1959.890015	1957.219971
1956.560059	1960.959961
1960.790039	1960.22998
1962.290039	1973.319946
1973.060059	1974.619995
1975.880005	1985.439941
1984.219971	1977.650024
1976.390015	1963.709961
1965.099976	1972.829956
1966.670044	1964.680054
1965.76001	1967.569946
1969.859985	1977.099976
1977.359985	1973.280029
1976.349976	1981.569946
1979.75	1958.119995
1961.540039	1978.219971
1976.930054	1973.630005
1975.650024	1983.530029
1985.319946	1987.01001
1988.069946	1987.97998
1984.599976	1978.339966
1978.25	1978.910034
1980.030029	1969.949951
1973.209961	1970.069946
1965.140015	1930.670044
1929.800049	1925.150024
1926.619995	1938.98999
1936.339966	1920.209961
1917.290039	1920.23999
1923.030029	1909.569946
1910.349976	1931.589966
1933.430054	1936.920044
1935.72998	1933.75
1935.599976	1946.719971
1947.410034	1955.180054
1958.869995	1955.060059
1958.359985	1971.73999
1972.72998	1981.599976
1980.459961	1986.51001
1986.819946	1992.369995
1992.599976	1988.400024
1991.73999	1997.920044
1998.589966	2000.02002
2000.540039	2000.119995
1997.420044	1996.73999
1998.449951	2003.369995
2004.069946	2002.280029
2003.569946	2000.719971
2001.670044	1997.650024
1998	2007.709961
2007.170044	2001.540039
2000.72998	1988.439941
1988.410034	1995.689941
1992.849976	1997.449951
1996.73999	1985.540039
1986.040039	1984.130005
1981.930054	1998.97998
1999.300049	2001.569946
2003.069946	2011.359985
2012.73999	2010.400024
2009.079956	1994.290039
1992.780029	1982.77002
1983.339966	1998.300049
1997.319946	1965.98999
1966.219971	1982.849976
1978.959961	1977.800049
1978.209961	1972.290039
1971.439941	1946.160034
1945.829956	1946.170044
1948.119995	1967.900024
1970.01001	1964.819946
1962.359985	1935.099976
1935.550049	1968.890015
1967.680054	1928.209961
1925.630005	1906.130005
1905.650024	1874.73999
1877.109985	1877.699951
1874.180054	1862.48999
1855.949951	1862.76001
1864.910034	1886.76001
1885.619995	1904.01001
1909.380005	1941.280029
1941.290039	1927.109985
1931.02002	1950.819946
1951.589966	1964.579956
1962.969971	1961.630005
1964.140015	1985.050049
1983.290039	1982.300049
1979.48999	1994.650024
2001.199951	2018.050049
2018.209961	2017.810059
2015.810059	2012.099976
2015.290039	2023.569946
2023.329956	2031.209961
2032.359985	2031.920044
2032.01001	2038.26001
2038.199951	2039.680054
2037.75	2038.25
2039.209961	2039.329956
2039.73999	2039.819946
2038.290039	2041.319946
2041.47998	2051.800049
2051.159912	2048.719971
2045.869995	2052.75
2057.459961	2063.5
2065.070068	2069.409912
2070.149902	2067.030029
2067.360107	2072.830078
2074.780029	2067.560059
2065.780029	2053.439941
2053.77002	2066.550049
2067.449951	2074.330078
2073.639893	2071.919922
2072.780029	2075.370117
2074.840088	2060.310059
2056.550049	2059.820068
2058.860107	2026.140015
2027.920044	2035.329956
2030.359985	2002.329956
2005.030029	1989.630005
1986.709961	1972.73999
1973.77002	2012.890015
2018.97998	2061.22998
2061.040039	2070.649902
2069.280029	2078.540039
2081.47998	2082.169922
2083.25	2081.879883
2084.300049	2088.77002
2087.629883	2090.570068
2088.48999	2080.350098
2082.110107	2058.899902
2058.899902	2058.199951
2054.439941	2020.579956
2022.150024	2002.609985
2005.550049	2025.900024
2030.609985	2062.139893
2063.449951	2044.810059
2046.130005	2028.26001
2031.579956	2023.030029
2018.400024	2011.27002
2013.75	1992.670044
1992.25	2019.420044
2020.76001	2022.550049
2020.189941	2032.119995
2034.300049	2063.149902
2062.97998	2051.820068
2050.419922	2057.090088
2047.859985	2029.550049
2032.339966	2002.160034
2002.449951	2021.25
2019.349976	1994.98999
1996.670044	2020.849976
2022.709961	2050.030029
2048.860107	2041.51001
2043.449951	2062.52002
2062.280029	2055.469971
2053.469971	2046.73999
2049.379883	2068.590088
2068.550049	2068.530029
2069.97998	2088.47998
2088.780029	2096.98999
2096.469971	2100.340088
2099.159912	2099.679932
2099.25	2097.449951
2097.649902	2110.300049
2109.830078	2109.659912
2109.100098	2115.47998
2115.300049	2113.860107
2113.909912	2110.73999
2110.879883	2104.5
2105.22998	2117.389893
2115.76001	2107.780029
2107.719971	2098.530029
2098.540039	2101.040039
2100.909912	2071.26001
2072.25	2079.429932
2076.139893	2044.160034
2044.689941	2040.23999
2041.099976	2065.949951
2064.560059	2053.399902
2055.350098	2081.189941
2080.590088	2074.280029
2072.840088	2099.5
2098.689941	2089.27002
2090.320068	2108.100098
2107.98999	2104.419922
2103.939941	2091.5
2093.100098	2061.050049
2059.939941	2056.149902
2055.780029	2061.02002
2064.110107	2086.23999
2084.050049	2067.889893
2067.629883	2059.689941
2060.030029	2066.959961
2064.870117	2080.620117
2080.790039	2076.330078
2076.939941	2081.899902
2081.290039	2091.179932
2091.51001	2102.060059
2102.030029	2092.429932
2092.280029	2095.840088
2097.820068	2106.629883
2105.959961	2104.98999
2102.580078	2081.179932
2084.110107	2100.399902
2102.820068	2097.290039
2098.27002	2107.959961
2107.209961	2112.929932
2112.800049	2117.689941
2119.290039	2108.919922
2108.350098	2114.76001
2112.48999	2106.850098
2105.52002	2085.51001
2087.379883	2108.290039
2110.22998	2114.48999
2112.629883	2089.459961
2091.26001	2080.149902
2079.959961	2088
2092.129883	2116.100098
2115.560059	2105.330078
2102.870117	2099.120117
2099.620117	2098.47998
2100.429932	2121.100098
2122.070068	2122.72998
2121.300049	2129.199951
2129.449951	2127.830078
2127.790039	2125.850098
2125.550049	2130.820068
2130.360107	2126.060059
2125.340088	2104.199951
2105.129883	2123.47998
2122.27002	2120.790039
2120.659912	2107.389893
2108.639893	2111.72998
2110.409912	2109.600098
2110.639893	2114.070068
2112.350098	2095.840088
2095.090088	2092.830078
2092.340088	2079.280029
2079.070068	2080.149902
2081.120117	2105.199951
2106.23999	2108.860107
2107.429932	2094.110107
2091.340088	2084.429932
2084.26001	2096.290039
2097.399902	2100.439941
2101.580078	2121.23999
2121.060059	2109.98999
2112.5	2122.850098
2123.159912	2124.199951
2123.649902	2108.580078
2109.959961	2102.310059
2102.620117	2101.48999
2098.629883	2057.639893
2061.189941	2063.110107
2067	2077.419922
2078.030029	2076.780029
2073.949951	2068.76001
2069.52002	2081.340088
2077.659912	2046.680054
2049.72998	2051.310059
2052.73999	2076.620117
2080.030029	2099.600098
2099.719971	2108.949951
2109.01001	2107.399902
2110.550049	2124.290039
2126.800049	2126.639893
2126.850098	2128.280029
2127.550049	2119.209961
2118.209961	2114.149902
2114.159912	2102.149902
2102.23999	2079.649902
2078.189941	2067.639893
2070.75	2093.25
2094.699951	2108.570068
2106.780029	2108.629883
2111.600098	2103.840088
2104.48999	2098.040039
2097.679932	2093.320068
2095.27002	2099.840088
2100.75	2083.560059
2082.610107	2077.570068
2080.97998	2104.179932
2102.659912	2084.070068
2081.100098	2086.050049
2086.189941	2083.389893
2083.149902	2091.540039
2089.699951	2102.439941
2101.98999	2096.919922
2095.689941	2079.610107
2076.610107	2035.72998
2034.079956	1970.890015
1965.150024	1893.209961
1898.079956	1867.609985
1872.75	1940.51001
1942.77002	1987.660034
1986.060059	1988.869995
1986.72998	1972.180054
1970.089966	1913.849976
1916.52002	1948.859985
1950.790039	1951.130005
1947.76001	1921.219971
1927.300049	1969.410034
1971.449951	1942.040039
1941.589966	1952.290039
1951.449951	1961.050049
1963.060059	1953.030029
1955.099976	1978.089966
1978.02002	1995.310059
1995.329956	1990.199951
1989.660034	1958.030029
1960.839966	1966.969971
1961.390015	1942.73999
1943.23999	1938.76001
1934.810059	1932.23999
1935.930054	1931.339966
1929.180054	1881.77002
1881.900024	1884.089966
1887.140015	1920.030029
1919.650024	1923.819946
1921.77002	1951.359985
1954.329956	1987.050049
1986.630005	1979.920044